463,475,485,478,475,485,494,505,520,523,504,492,487,491,507,517,519,511,489,490,494,483,473,475,480,489,498,509,511,508,515,521,518,519,523,538,549,560,562,547,540,553,563,569,571,549,535,535,532,529,536,536,518,507,502,483,437,355,261,212,255,390,543,670,757,780,739,678,629,600,572,540,510,482,468,480,495,496,484,471,462,463,467,456,453,461,476,490,499,507,508,515,529,543,545,520,505,519,527,524,526,523,514,507,508,504,502,505,504,497,488,494,506,498,476,464,473,487,496,500,508,514,525,532,542,545,544,552,566,579,575,567,563,566,572,571,563,549,540,528,516,511,506,504,507,511,519,510,486,470,470,462,444,444,463,481,487,486,483,489,504,511,507,501,494,486,484,497,510,526,530,517,484,461,468,487,489,487,495,504,497,497,503,509,517,518,504,499,507,512,505,493,491,493,491,496,499,503,499,496,500,514,520,505,487,488,499,499,493,485,485,491,509,537,547,526,510,520,536,553,578,593,593,575,556,544,532,520,513,516,521,522,521,527,531,523,532,543,538,509,451,370,273,197,207,318,482,638,742,789,770,707,646,606,581,560,543,528,510,497,504,514,518,510,492,476,474,465,462,469,472,476,489,503,515,515,494,480,471,465,470,472,465,470,486,496,497,493,487,479,476,480,485,479,477,494,503,494,489,492,493,504,505,497,498,521,536,528,521,526,547,560,552,545,543,559,568,566,563,578,581,548,522,518,519,515,524,542,554,539,510,492,487,479,473,466,470,484,494,495,487,472,472,499,524,525,500,477,474,492,509,529,529,512,495,485,492,510,520,510,489,482,492,511,516,509,508,511,524,533,532,507,496,513,523,515,512,519,526,518,508,505,506,505,502,496,488,490,498,499,488,481,484,479,473,464,475,504,527,520,508,517,536,541,547,560,571,562,547,539,543,551,553,543,533,527,518,506,506,511,524,542,529,470,382,300,233,233,338,506,655,750,773,751,706,650,608,578,547,520,491,478,480,473,473,483,472,457,459,465,466,475,480,480,486,492,497,513,512,500,497,504,508,501,496,484,472,478,502,520,517,511,510,508,502,494,479,464,473,487,492,485,483,485,497,496,483,489,500,510,524,539,549,557,561,561,568,589,596,587,582,583,569,553,552,553,547,529,505,501,508,518,515,504,504,500,501,497,479,477,491,487,468,454,454,470,494,508,508,513,503,489,501,514,521,525,526,526,525,519,505,496,489,491,494,489,497,508,526,536,519,500,498,511,524,518,509,505,518,535,534,523,520,520,515,499,490,495,504,500,494,498,508,510,507,504,502,505,508,513,520,520,522,531,545,543,531,540,543,531,523,519,518,517,512,511,514,519,513,502,491,484,498,517,528,512,462,376,278,210,230,353,532,670,739,758,741,700,644,593,565,553,541,525,508,500,502,488,472,461,457,465,476,485,491,496,491,492,497,488,486,491,491,497,501,506,506,511,512,504,491,477,482,498,508,513,511,504,504,502,496,489,489,495,502,506,503,500,502,513,519,529,538,533,527,527,527,529,540,550,544,542,543,539,545,556,556,544,531,526,527,525,511,504,506,505,504,504,511,512,510,501,493,480,474,474,486,507,517,511,494,482,485,492,496,494,488,501,515,519,519,507,492,504,521,529,525,509,494,497,518,527,530,530,531,532,527,524,527,533,539,537,524,512,508,513,517,512,499,479,465,465,473,484,496,500,481,460,460,478,487,478,464,476,508,527,525,511,505,506,507,510,527,533,543,556,564,559,539,527,536,548,546,523,499,504,530,552,555,542,530,511,486,455,406,321,237,217,298,439,587,714,786,788,747,692,640,596,575,560,538,518,505,488,469,463,482,500,485,463,467,478,483,488,485,483,475,478,482,480,472,472,480,498,513,507,492,483,474,476,496,513,507,497,489,475,475,491,507,508,500,483,478,484,491,491,489,496,505,520,531,535,547,556,553,556,569,574,575,582,585,582,578,566,558,550,553,552,538,527,521,507,494,488,489,493,503,503,496,497,499,492,479,468,466,480,500,497,493,487,472,478,505,511,506,503,500,492,484,491,510,521,518,507,501,504,504,492,477,484,508,527,530,523,513,515,524,527,513,494,496,509,514,516,526,515,502,504,511,506,505,504,505,509,508,511,515,510,501,500,503,504,501,501,501,491,496,512,518,521,526,526,530,531,539,556,561,547,533,529,516,509,515,526,526,516,519,520,522,525,536,534,505,444,355,266,200,220,344,503,634,719,753,746,716,680,641,594,551,525,519,515,508,512,510,505,498,490,488,487,490,480,476,483,494,504,497,492,495,494,483,479,479,490,518,526,515,506,496,480,473,489,509,509,489,485,500,507,500,499,503,498,487,484,486,486,483,484,497,513,517,519,520,536,563,573,569,567,576,586,577,556,536,536,554,561,547,537,541,545,536,519,506,487,474,474,490,503,503,497,498,494,493,501,505,496,491,500,507,504,489,486,504,506,494,487,494,499,500,495,486,481,484,494,510,517,507,503,511,511,501,497,511,510,500,491,496,500,508,508,502,498,503,509,509,506,504,498,492,502,513,518,525,528,524,503,489,484,490,496,491,483,481,492,518,542,548,526,511,514,523,524,516,528,547,558,560,558,551,543,536,525,525,536,532,520,516,515,521,535,546,541,504,445,383,312,244,252,343,478,613,716,771,768,712,648,598,551,517,496,482,479,481,478,472,468,476,481,484,484,488,490,481,472,469,475,486,486,478,481,502,519,524,505,494,494,498,499,496,502,508,511,506,498,492,488,492,492,499,507,511,500,482,471,480,494,496,483,487,508,528,547,568,580,585,583,579,571,572,573,561,551,567,573,562,556,547,544,538,519,504,496,495,493,490,495,504,500,489,483,487,493,495,493,486,489,503,513,518,519,516,514,510,511,519,529,531,520,502,491,491,494,496,495,495,492,499,504,490,477,483,496,502,504,503,502,506,513,515,500,476,473,486,502,508,506,505,502,496,490,496,504,505,492,487,496,502,508,516,518,510,502,507,514,508,490,480,496,513,518,526,542,555,547,546,556,562,555,547,541,542,542,534,534,534,536,536,526,509,494,485,494,508,525,530,505,441,346,259,214,255,381,526,641,704,723,715,687,649,615,591,575,557,536,529,525,524,504,483,480,485,487,476,467,482,495,495,481,470,467,483,497,501,498,496,485,486,491,500,494,481,479,501,519,511,500,490,496,499,495,486,473,477,494,504,499,484,472,478,503,515,507,502,511,529,541,550,564,574,573,582,583,581,573,575,583,568,538,531,533,527,518,509,509,511,508,509,518,508,496,489,490,499,497,490,483,480,483,505,505,491,489,493,491,482,482,497,515,508,501,495,501,515,516,512,504,497,496,497,490,492,500,518,533,531,519,506,508,517,509,500,506,508,511,515,515,499,492,498,516,527,529,534,533,522,510,502,499,500,503,504,504,497,496,498,502,506,502,500,494,482,482,495,511,532,536,533,534,531,518,522,547,572,578,560,542,541,543,543,539,521,503,500,498,498,510,522,531,523,513,505,481,419,320,236,209,266,388,539,667,728,739,726,697,655,620,592,573,551,521,498,491,493,501,496,478,455,446,462,483,494,514,516,499,487,491,497,491,489,486,489,492,496,506,506,495,489,501,505,491,474,473,491,498,486,471,473,486,486,478,483,487,489,487,491,502,502,498,502,517,537,558,580,592,592,590,587,583,581,574,570,564,563,548,531,522,526,527,523,517,518,526,524,506,495,492,492,485,479,483,502,510,511,508,499,492,494,496,490,482,481,481,480,485,489,500,503,496,493,494,497,508,513,505,499,502,503,497,497,499,498,497,505,514,516,513,504,500,503,499,487,484,494,507,519,519,513,508,519,528,521,518,530,520,507,497,488,487,499,513,522,514,493,479,477,478,492,519,536,527,519,519,521,518,525,549,569,573,572,563,544,523,515,514,519,524,527,530,523,519,521,530,536,527,501,461,404,330,255,229,293,432,588,699,752,755,723,668,621,578,538,515,506,497,483,473,478,482,480,482,484,483,478,483,502,507,504,491,481,474,485,499,504,498,499,504,518,525,527,524,513,507,508,508,513,513,500,476,467,476,487,486,485,485,491,494,502,503,499,489,483,491,507,517,527,541,555,568,584,583,573,567,559,552,557,556,553,549,547,557,549,527,509,513,521,512,503,497,490,478,466,468,473,469,475,496,514,528,527,503,487,483,496,501,502,507,516,527,532,526,508,483,478,495,508,510,507,509,513,511,504,504,501,496,499,498,499,494,501,524,530,515,503,498,500,509,511,507,508,509,525,529,514,499,500,501,499,498,499,505,493,490,500,500,492,484,479,483,496,507,506,502,496,502,511,524,532,530,525,529,543,560,571,572,569,560,544,527,518,519,521,529,532,527,518,509,518,530,538,535,516,475,416,349,276,224,251,367,509,628,708,743,743,707,657,624,598,568,540,524,515,510,503,487,480,476,473,471,473,479,485,493,494,486,471,466,478,485,487,492,499,494,495,505,504,507,516,507,495,488,487,477,465,473,487,499,493,487,492,511,517,503,484,477,478,483,481,487,504,515,522,537,551,561,568,572,575,576,574,578,569,558,560,562,552,536,522,522,527,514,501,503,505,498,492,494,501,510,513,497,496,508,518,513,501,487,485,499,520,524,507,486,491,497,493,497,505,504,503,502,496,488,496,512,515,513,517,519,520,510,499,497,504,508,517,514,505,500,508,519,505,493,496,508,517,510,492,483,486,495,499,495,497,507,515,515,507,499,497,508,519,519,516,505,498,504,512,507,500,504,515,510,507,520,533,531,528,526,512,505,515,527,538,547,547,541,543,551,545,527,518,511,505,502,509,510,522,531,535,542,549,533,481,401,314,235,198,249,379,533,658,738,766,741,694,649,615,591,568,548,537,519,501,494,500,504,502,488,471,473,491,504,501,498,500,488,478,471,465,481,499,505,492,476,469,480,500,511,518,505,492,482,481,481,480,471,472,486,497,504,504,499,500,497,486,469,475,492,505,513,524,534,540,537,542,556,570,578,580,582,575,555,543,538,538,537,538,536,536,536,522,505,503,510,515,516,510,490,481,483,484,494,510,513,507,507,512,508,495,474,467,481,498,509,514,518,514,498,485,487,495,493,496,504,510,515,527,531,526,515,494,472,473,486,511,517,503,493,496,509,522,514,503,504,508,508,513,519,515,503,492,488,487,488,496,504,502,504,522,534,519,498,496,506,512,513,513,506,499,495,496,504,516,509,500,502,516,529,536,540,548,551,552,553,547,535,530,526,511,502,510,523,527,515,510,517,535,539,536,512,453,378,301,238,241,339,483,626,726,760,746,710,668,627,592,559,523,507,498,487,480,475,471,476,486,489,485,476,479,485,492,503,502,496,506,515,515,509,507,499,494,492,495,512,527,523,509,496,478,472,477,485,485,481,482,483,488,495,496,496,492,484,485,503,519,514,515,511,509,514,526,547,563,579,593,591,589,590,580,560,543,539,544,554,555,544,536,518,494,482,493,516,529,516,490,476,478,484,491,490,491,491,491,486,479,472,475,491,510,515,518,517,512,502,494,497,496,501,519,523,510,487,479,494,505,504,512,522,522,526,525,524,527,521,512,508,511,514,523,523,504,493,500,507,523,533,526,521,518,509,497,487,495,499,498,499,507,511,511,508,497,488,492,499,500,490,487,491,479,481,491,503,516,523,533,533,530,541,545,538,535,545,552,549,539,527,523,524,520,513,511,508,497,496,502,504,512,525,521,487,413,321,241,212,262,380,526,648,723,759,756,715,666,632,602,574,543,526,521,519,513,495,493,506,504,487,472,476,483,485,481,470,470,482,493,496,495,494,498,504,512,513,509,496,487,486,483,484,496,506,501,477,472,478,478,476,485,494,494,498,496,485,487,494,492,498,509,505,508,522,543,558,571,591,602,594,582,571,561,556,559,552,538,536,541,529,520,516,513,513,512,509,500,487,491,500,514,526,523,507,499,498,503,510,509,513,505,493,482,480,496,509,511,505,508,491,471,469,480,482,483,493,499,507,515,517,519,517,504,489,485,481,481,482,484,505,520,517,509,501,503,507,513,512,516,513,497,483,485,495,498,497,503,510,511,495,480,486,504,525,532,520,507,497,478,476,488,508,517,526,535,530,518,518,530,545,550,551,560,570,563,550,541,534,524,516,512,513,523,526,524,512,508,521,534,539,504,431,338,260,235,288,405,550,664,745,769,725,663,614,588,563,532,512,496,475,459,462,479,487,484,484,481,470,470,483,492,491,496,501,502,501,498,498,500,502,497,492,494,507,511,509,507,499,493,491,504,501,483,479,496,502,496,489,486,492,497,502,515,523,515,511,521,540,547,548,553,556,545,535,543,564,574,575,572,572,574,570,570,560,542,523,512,515,513,497,496,503,511,532,536,513,480,461,460,465,479,498,504,499,484,480,494,513,519,515,516,506,489,494,510,514,509,512,518,513,507,508,513,517,525,533,517,484,469,486,503,505,497,493,495,496,503,520,525,518,499,484,483,489,500,510,509,511,510,512,524,528,521,514,517,530,517,495,492,490,483,472,472,482,490,502,508,521,527,524,525,530,539,542,542,547,552,561,563,553,547,546,535,518,509,499,495,498,496,502,510,518,513,495,452,384,303,240,246,326,460,605,708,746,738,703,660,612,576,563,553,536,515,502,489,469,466,481,492,479,463,460,468,490,508,514,514,512,501,490,489,491,487,482,490,503,495,489,493,500,516,533,530,517,496,483,480,487,497,496,488,479,472,468,478,495,505,514,511,497,495,505,514,520,532,551,559,573,588,593,583,580,583,581,569,554,536,527,527,536,536,528,517,507,504,510,512,513,517,511,500,493,485,475,480,489,494,492,484,488,502,514,509,504,507,509,509,501,487,489,508,523,519,507,503,503,496,486,496,510,508,501,506,511,507,507,505,490,484,492,507,521,525,513,510,507,504,507,516,512,499,501,516,524,517,504,494,491,499,504,514,512,497,491,503,508,501,493,483,469,475,487,505,514,513,522,535,543,542,536,540,541,541,545,542,540,540,541,536,529,517,512,515,522,528,526,515,508,511,525,529,508,448,356,264,219,242,345,479,611,696,717,708,685,641,598,578,564,550,539,531,529,525,523,524,516,507,508,510,498,493,500,503,495,475,453,441,446,472,505,523,527,517,510,502,494,494,500,495,484,477,476,477,481,498,512,500,494,488,475,470,483,492,491,478,463,463,483,518,538,547,548,538,537,544,561,581,596,596,580,561,552,549,539,542,556,547,522,517,522,521,518,520,512,502,500,503,505,500,492,496,495,488,493,499,502,503,501,502,499,503,504,497,484,483,496,505,496,484,494,506,510,500,494,494,497,497,487,487,489,492,499,516,528,534,536,524,516,512,517,518,511,501,503,510,508,507,510,513,513,509,521,536,532,522,522,526,520,511,515,520,519,510,504,499,489,487,492,495,490,491,497,500,499,506,525,532,531,527,518,520,527,538,550,559,553,537,543,554,543,530,527,520,510,510,524,528,513,496,494,504,513,491,443,379,294,218,213,311,459,604,709,756,759,721,675,635,599,572,548,527,507,493,481,466,471,485,489,489,487,488,495,500,504,504,499,496,491,480,482,496,504,509,507,497,486,484,495,513,510,486,473,472,486,496,492,485,487,485,492,505,504,503,508,502,489,487,497,503,508,520,527,537,555,568,573,569,566,565,569,570,563,559,561,557,532,521,523,531,529,526,527,532,536,520,493,488,508,503,487,475,474,485,494,497,494,504,513,506,501,498,493,488,484,501,510,509,499,490,498,505,506,494,487,490,502,509,508,501,503,511,514,513,496,487,488,501,508,496,494,502,504,493,495,503,510,507,507,505,497,499,509,515,501,490,502,517,518,516,516,506,494,486,485,493,503,507,502,497,491,493,504,518,525,521,509,508,517,527,548,560,556,554,555,554,553,553,554,549,537,518,497,484,483,497,520,525,527,536,531,489,409,305,240,251,326,446,593,704,746,737,700,652,619,592,568,541,506,468,464,481,492,487,489,497,492,484,484,493,499,491,482,491,479,472,481,492,506,511,515,519,515,506,499,495,500,498,497,502,502,491,494,504,495,487,489,485,476,474,485,502,509,503,502,508,505,506,512,525,537,550,562,568,568,574,587,593,588,570,550,546,556,563,563,553,539,525,502,493,501,506,505,516,519,509,493,487,487,486,491,494,489,486,494,495,487,486,497,510,520,530,527,507,487,478,487,492,492,499,509,516,514,515,505,495,504,514,525,530,523,502,486,494,501,505,511,511,504,499,498,494,502,506,511,515,519,518,504,492,505,507,491,496,516,527,523,510,511,520,519,509,497,489,485,488,496,505,504,499,500,513,526,524,523,527,530,520,515,525,550,560,556,548,541,535,537,539,540,543,533,515,498,483,485,507,528,540,549,535,481,385,281,213,217,310,464,604,704,745,747,719,678,622,569,545,556,560,536,506,495,498,498,492,491,485,478,477,478,483,489,488,494,493,471,461,486,502,503,508,504,487,479,480,482,495,513,516,504,492,491,489,483,484,492,503,515,505,480,470,483,490,496,504,511,508,508,500,500,519,541,563,579,585,585,575,561,545,547,555,557,563,556,542,534,527,529,530,530,536,526,514,506,498,499,499,500,498,498,504,500,488,492,489,484,481,481,490,500,493,486,487,492,497,498,502,503,501,503,494,484,488,501,505,500,502,515,521,508,494,495,499,498,501,511,513,507,507,507,523,536,532,513,490,488,495,496,497,495,496,500,510,521,527,534,529,516,507,498,498,501,497,484,476,484,500,507,498,484,485,506,525,540,542,533,522,522,529,538,547,558,559,551,541,533,524,516,514,520,523,524,513,502,507,521,525,511,476,418,349,278,249,305,432,574,680,738,742,720,696,660,612,569,530,493,480,478,473,468,482,492,485,473,468,481,492,486,480,480,480,489,504,521,520,514,504,492,496,506,514,512,496,480,474,481,494,499,497,493,496,503,500,496,490,478,463,463,478,491,499,500,508,517,519,518,514,522,538,552,561,564,564,566,573,579,575,567,563,561,556,544,540,538,531,518,509,507,510,518,518,507,491,489,498,507,508,502,494,487,484,478,484,494,503,501,499,504,501,492,498,509,508,511,519,519,521,527,525,504,484,490,507,509,502,515,524,520,503,498,503,510,514,518,518,516,510,510,508,509,500,486,487,492,496,504,510,507,501,505,511,508,508,505,499,499,503,504,505,504,502,504,499,489,477,475,487,508,527,527,524,522,519,519,514,514,528,541,543,555,558,553,546,558,562,535,500,492,501,519,530,530,524,522,524,522,504,463,393,307,226,213,294,429,564,667,732,748,719,672,620,593,576,564,547,527,521,511,496,489,498,509,496,481,477,476,471,472,485,497,502,507,499,494,497,508,512,508,490,476,480,485,488,490,489,492,503,503,488,489,504,512,516,511,492,476,472,479,483,494,502,498,495,499,504,513,545,575,568,558,562,565,560,550,558,581,579,558,536,525,526,545,564,568,538,504,493,492,491,497,515,515,497,489,491,486,483,500,520,522,508,500,504,515,513,507,498,495,498,495,493,485,481,485,493,508,516,519,513,509,505,497,491,491,492,507,514,512,508,513,516,519,512,501,502,496,494,507,513,507,503,502,502,501,509,522,523,518,507,505,511,513,506,505,509,509,505,504,511,520,512,504,505,504,503,503,494,487,487,486,491,502,514,532,539,536,536,534,541,552,556,545,536,547,550,533,515,511,527,545,543,528,521,517,515,519,521,518,493,448,384,297,211,187,267,419,575,693,756,774,742,690,639,602,580,564,546,535,521,514,522,527,514,498,483,478,472,459,458,469,475,474,473,481,500,510,506,498,492,488,483,480,482,483,484,493,503,503,497,496,506,512,516,508,489,469,448,447,458,475,481,471,468,480,495,517,534,540,543,543,549,556,561,576,596,597,585,587,586,575,556,543,530,529,534,530,518,510,512,509,502,503,508,508,504,491,490,501,500,501,500,492,487,486,484,496,505,509,503,497,494,485,479,472,472,491,511,519,511,505,495,498,507,505,504,494,491,503,516,532,537,527,513,504,510,515,514,505,487,488,499,511,520,522,524,521,511,510,510,507,510,515,516,518,516,504,499,511,514,497,488,494,509,511,505,510,517,504,491,487,493,500,512,517,519,537,561,566,551,542,535,531,533,530,526,519,519,520,513,504,492,488,499,527,553,566,541,480,402,323,243,228,302,432,571,690,756,770,740,691,624,568,541,523,511,502,492,485,482,490,502,498,480,472,472,468,465,468,471,478,490,499,499,496,490,492,502,513,520,514,504,502,500,491,485,496,502,501,501,504,502,494,489,485,491,499,499,486,479,480,487,499,508,515,529,534,529,536,558,571,572,569,575,582,580,573,575,575,564,546,533,529,531,529,524,520,519,510,493,492,497,490,478,480,488,497,503,505,485,476,480,491,500,507,515,512,507,509,508,504,502,499,507,525,521,503,487,488,513,527,522,515,500,494,499,502,508,512,507,504,507,506,508,514,523,521,512,500,497,499,505,512,509,500,488,487,489,491,503,515,515,514,520,525,511,491,484,486,480,480,487,496,497,489,483,503,527,539,540,539,535,523,512,522,557,579,569,545,533,529,526,534,534,522,519,521,520,514,515,532,541,518,475,437,395,329,254,234,302,440,586,695,748,742,711,677,638,604,578,554,535,519,504,499,496,486,486,495,499,497,496,499,497,490,478,474,475,480,480,490,498,505,500,495,498,495,494,498,496,490,486,481,480,489,507,519,507,487,470,471,480,488,490,487,494,503,502,491,488,499,516,541,555,555,554,562,569,574,580,579,578,569,552,542,536,539,544,543,533,524,524,524,522,516,508,504,500,496,489,480,482,493,494,490,495,494,495,500,509,505,493,487,489,492,507,520,521,511,496,497,510,505,496,494,497,505,509,508,502,505,507,497,491,499,512,518,500,491,504,517,512,501,493,498,507,511,511,497,489,486,485,505,518,519,518,518,513,504,499,504,511,515,511,503,492,487,483,486,489,492,502,502,508,517,519,517,516,523,540,559,563,560,550,548,545,536,529,527,516,513,523,531,527,517,518,521,519,515,517,517,483,406,315,232,200,268,406,556,662,719,739,723,692,649,614,592,571,553,541,533,520,516,506,495,488,484,477,478,486,500,508,497,480,465,463,484,507,509,499,489,481,483,491,498,496,493,497,497,491,475,472,485,498,507,514,504,482,470,475,480,483,501,525,525,511,497,491,503,526,539,537,536,547,548,547,556,563,572,585,594,581,555,540,546,537,521,526,541,546,527,508,496,489,495,499,495,484,487,500,511,511,510,515,510,495,489,489,484,476,479,490,499,515,522,513,494,492,507,514,513,511,508,493,483,490,492,494,504,514,517,515,513,517,518,524,521,505,495,496,500,500,501,506,524,536,517,504,510,508,501,492,494,507,522,524,520,518,515,508,510,518,515,500,489,484,486,487,485,485,496,518,535,531,519,513,516,526,537,553,559,543,523,529,547,552,544,529,506,495,493,494,501,508,523,532,524,508,473,414,333,254,213,250,379,538,665,746,785,778,722,659,620,583,551,521,499,494,498,496,492,488,486,483,484,492,492,506,514,508,507,510,510,502,491,478,470,478,492,509,523,524,516,510,503,493,488,492,494,488,472,466,473,471,462,460,465,469,474,479,488,497,499,502,513,529,543,555,552,547,537,534,550,579,594,593,580,563,548,543,544,545,534,531,525,516,513,514,514,519,522,520,527,530,502,474,480,494,497,496,489,486,488,501,512,502,491,494,503,500,491,485,494,505,508,508,503,499,491,493,505,510,519,524,524,511,493,488,500,516,514,511,513,524,527,515,500,491,492,498,497,500,514,520,510,510,523,531,525,501,478,471,475,488,499,491,487,498,508,507,498,513,522,523,519,505,499,519,543,563,562,543,537,546,556,559,547,529,519,508,499,504,511,523,518,504,512,527,528,505,450,386,305,242,264,373,513,633,715,749,737,697,646,601,568,554,540,520,502,484,478,476,483,487,472,465,484,500,491,479,478,483,496,504,515,508,491,481,480,486,497,503,508,505,507,514,507,508,502,489,492,495,489,483,486,480,476,479,484,486,495,515,515,503,481,482,499,515,535,550,564,575,576,574,568,570,568,566,560,556,555,551,540,544,555,557,543,519,500,495,482,469,473,479,484,498,512,509,496,480,477,491,499,500,498,497,512,511,495,491,494,497,493,495,510,519,514,513,515,515,513,520,528,530,520,510,505,500,488,478,491,504,506,510,521,532,533,522,513,509,499,491,492,490,491,506,510,510,510,511,515,516,517,519,519,515,513,504,489,481,480,491,505,514,509,504,499,503,513,518,516,517,515,517,524,534,536,536,542,547,542,536,540,542,525,510,513,511,508,511,509,511,515,516,495,442,374,298,233,216,285,420,561,677,751,768,741,705,661,621,588,561,542,529,513,489,479,484,499,503,489,483,486,488,492,494,498,496,479,472,480,489,490,486,486,491,490,505,514,514,506,504,504,511,504,489,482,491,499,497,486,475,469,467,472,478,479,479,498,516,527,522,514,511,516,529,543,547,549,556,564,571,571,568,575,573,559,548,543,540,540,533,519,516,527,529,510,494,493,495,503,503,486,478,487,494,492,492,490,492,503,503,502,495,485,489,503,515,519,516,504,491,482,489,500,511,515,509,499,488,495,513,516,513,510,511,504,497,496,504,509,511,499,490,496,506,512,516,515,513,510,506,499,492,505,522,516,510,505,508,525,536,524,515,518,516,503,492,490,492,494,496,503,505,503,506,515,517,516,516,513,514,538,558,565,563,550,537,535,541,538,531,521,515,508,508,514,519,519,523,532,533,521,498,441,348,250,196,238,362,519,655,728,754,740,707,660,615,582,560,547,537,520,512,505,495,486,487,493,495,488,482,483,484,469,462,470,483,489,490,495,494,487,483,482,490,502,500,492,495,507,508,500,496,494,493,490,490,493,498,514,523,514,491,478,480,486,492,497,502,507,520,541,543,538,545,562,576,577,574,577,578,566,551,553,558,552,537,536,545,543,531,525,524,518,496,491,507,518,515,503,498,499,495,493,502,509,505,497,494,496,504,507,495,482,491,506,514,512,508,494,475,469,472,487,504,506,500,497,508,508,514,517,508,502,505,522,531,519,502,500,507,512,508,502,497,503,511,512,510,507,510,512,513,509,511,515,518,515,517,516,507,496,495,488,478,484,501,504,491,496,520,527,519,515,513,517,524,537,553,549,543,540,543,551,555,548,529,515,515,515,520,519,510,487,484,502,520,519,494,445,368,281,253,314,434,563,684,759,764,723,672,626,576,547,540,526,505,494,486,485,486,482,465,458,461,464,471,475,476,480,497,522,530,508,491,494,494,489,484,486,495,499,494,484,478,481,491,496,503,506,490,476,476,472,469,471,486,491,498,505,506,503,507,516,520,515,517,528,540,559,570,576,583,580,572,572,566,558,553,543,536,532,539,545,536,530,532,517,498,494,507,511,506,491,486,492,487,467,465,480,486,484,488,494,499,506,516,516,504,492,489,504,519,522,510,503,511,519,521,514,508,508,505,503,513,515,509,509,510,501,487,485,495,513,521,519,517,524,532,526,510,501,497,496,508,517,519,518,506,500,497,492,495,499,499,502,502,497,504,496,483,477,483,498,510,514,519,510,505,512,530,540,534,544,565,573,562,550,541,532,524,525,529,518,504,499,504,513,515,519,537,539,496,423,338,256,216,260,384,548,679,735,740,723,684,647,614,584,563,536,519,508,488,479,484,484,481,489,497,501,484,456,446,457,476,490,493,491,494,497,501,498,489,494,501,505,515,509,487,479,474,481,497,497,489,484,485,493,496,490,483,489,502,512,515,518,513,499,494,504,514,527,546,553,543,544,567,588,599,589,575,566,562,558,562,564,553,537,526,522,528,530,529,521,511,502,497,489,474,477,488,489,486,480,486,485,476,470,471,479,494,505,515,526,514,495,496,507,507,502,503,511,507,503,506,509,508,512,520,508,500,504,507,504,501,504,515,520,516,501,494,495,502,500,504,517,512,496,487,500,509,506,507,505,504,508,518,519,521,514,508,508,516,536,533,504,480,480,502,524,524,503,492,487,490,509,530,540,535,519,511,529,549,566,578,569,538,514,502,502,512,524,534,541,537,524,517,516,512,524,540,540,489,397,307,219,181,241,387,553,688,763,775,742,684,634,627,629,607,561,533,521,515,505,497,500,507,501,486,465,456,467,481,504,511,498,483,468,464,483,494,486,474,480,488,485,481,475,481,497,508,513,504,505,517,527,516,497,483,473,476,491,498,496,494,483,478,483,503,520,528,539,551,560,571,574,566,564,569,569,556,541,538,547,551,547,539,532,520,517,511,502,496,490,491,500,504,499,494,494,496,496,496,507,515,510,499,498,503,495,487,496,510,512,503,494,486,481,483,488,508,517,511,507,506,508,515,513,505,513,515,505,497,499,504,508,519,527,516,504,501,498,502,515,516,512,513,511,507,511,515,509,514,520,522,513,493,485,493,502,509,508,507,517,516,500,495,509,515,505,496,494,510,518,505,489,490,506,530,547,558,553,543,540,548,544,534,525,527,542,548,539,522,514,499,492,503,515,525,529,496,422,328,249,231,300,431,574,696,762,767,731,685,632,579,551,537,513,497,486,476,474,470,477,498,508,508,494,474,463,473,489,496,492,496,504,506,508,502,486,476,483,492,490,499,501,505,510,506,492,492,493,491,486,482,473,465,466,479,502,516,530,523,505,492,509,524,518,502,500,521,534,547,563,574,586,588,575,567,563,565,552,536,527,531,531,525,520,521,509,492,483,488,506,518,515,506,493,482,470,476,494,501,498,498,496,500,504,504,498,492,490,495,505,515,519,520,525,536,540,534,528,533,531,516,499,487,487,479,479,493,497,498,503,504,503,506,510,508,506,520,524,507,492,491,499,506,508,524,526,510,491,488,502,508,511,513,499,483,486,492,495,488,479,483,505,515,513,513,523,521,511,525,548,552,547,560,561,542,535,542,535,526,524,520,518,519,519,524,518,508,507,519,508,470,417,339,252,227,306,444,581,679,733,745,723,680,626,579,556,543,524,503,490,494,494,492,492,491,492,490,489,476,467,475,492,501,498,500,504,502,496,500,507,505,504,504,502,501,496,501,508,507,498,494,500,500,490,474,473,477,487,492,485,487,490,494,498,497,500,498,505,520,535,550,555,556,545,551,572,583,577,575,574,557,540,546,560,549,521,502,498,510,534,546,533,510,500,497,488,482,481,485,493,502,503,502,499,493,496,494,486,484,489,497,504,507,520,540,537,523,505,493,496,495,506,524,512,485,480,496,507,515,525,518,511,512,515,517,507,498,496,496,510,525,524,517,505,495,493,505,512,506,487,481,494,509,523,526,522,528,529,515,491,473,467,479,495,504,515,512,489,478,495,520,529,533,537,541,541,536,534,536,534,542,550,547,545,542,539,536,533,527,521,525,523,514,507,515,521,497,435,358,274,212,233,347,492,617,699,732,717,679,657,632,609,590,563,535,507,494,499,504,507,505,504,506,498,496,497,485,476,477,483,489,500,509,499,478,474,486,501,499,499,497,492,496,504,507,504,495,484,480,483,492,498,496,490,494,503,510,501,482,468,473,496,508,500,493,503,527,550,568,581,588,590,588,575,563,558,557,566,576,565,540,523,520,521,527,530,529,523,506,501,504,500,497,493,485,481,478,471,482,494,492,492,505,509,508,506,501,485,476,479,485,497,509,514,519,516,508,495,491,495,497,499,508,516,523,529,532,528,512,495,485,478,486,511,527,518,507,505,504,496,493,508,524,512,495,489,497,507,505,508,504,498,496,494,496,504,510,506,505,498,498,493,481,486,507,521,522,518,512,519,539,550,554,559,561,555,536,523,523,529,528,520,513,518,526,537,531,512,510,520,527,527,502,451,384,298,232,228,322,478,627,721,755,748,710,659,612,573,549,525,501,481,470,470,476,481,489,490,483,488,502,506,497,490,484,479,486,496,500,500,497,498,497,503,508,514,514,511,509,504,501,489,482,496,501,482,478,487,491,500,503,497,488,492,515,522,505,490,486,499,520,539,552,553,541,546,568,576,578,586,585,570,555,554,558,549,534,530,537,549,543,521,505,502,504,502,499,496,487,487,492,490,477,474,471,472,482,496,497,476,462,475,500,522,534,539,532,519,508,506,509,506,503,506,513,519,519,522,519,520,510,491,487,503,524,523,509,500,495,504,510,503,496,493,498,500,503,513,523,523,520,513,504,503,509,519,524,523,515,511,507,499,497,497,489,480,472,474,493,518,536,534,526,517,526,540,540,533,543,554,547,533,533,547,553,543,528,526,531,532,529,520,526,532,521,492,439,368,285,230,244,337,468,605,714,756,737,692,655,623,583,545,519,507,501,492,481,479,484,488,503,509,505,495,480,474,483,492,501,504,496,489,484,483,488,500,511,519,521,512,503,495,488,493,503,499,486,481,490,499,492,491,495,498,490,485,486,486,485,492,503,516,518,508,508,526,547,569,581,587,578,561,553,554,556,561,559,556,544,536,531,530,532,525,516,512,494,469,469,485,497,507,508,502,486,475,476,487,492,489,486,495,494,486,482,499,512,511,514,519,518,522,524,515,512,511,499,494,496,507,518,521,519,521,527,537,539,521,497,482,487,504,516,519,511,511,504,503,494,496,508,508,506,500,495,492,494,502,508,511,508,508,507,507,512,506,498,491,492,487,477,478,489,504,519,533,537,530,520,515,526,540,554,557,553,558,556,544,527,514,522,524,522,531,528,511,497,499,518,543,543,505,433,341,252,220,271,382,519,642,716,738,731,695,653,622,592,552,524,507,487,487,496,496,495,492,476,463,469,489,510,515,503,486,481,488,497,504,511,509,504,492,485,483,475,472,475,484,492,504,512,500,485,482,485,487,485,485,487,485,484,497,509,519,515,503,503,516,524,519,513,513,527,545,563,574,574,569,571,576,569,561,564,563,542,515,506,509,513,520,524,517,519,533,513,494,494,492,487,483,487,499,503,488,478,490,510,519,514,508,504,503,502,504,494,487,503,509,500,496,507,512,507,502,510,515,514,515,512,514,516,513,509,505,515,520,518,513,507,505,504,508,508,504,500,497,504,512,512,509,505,504,504,509,514,511,500,504,513,509,497,483,473,484,504,523,529,527,525,519,514,514,524,543,560,564,558,549,541,537,540,527,509,495,493,497,497,499,511,531,539,522,483,425,351,276,244,295,404,536,650,727,755,736,695,646,602,572,546,529,516,498,481,466,461,473,487,491,485,477,480,488,489,490,485,489,494,504,509,500,486,481,486,496,506,511,507,500,496,493,492,498,497,497,490,492,487,482,487,497,496,491,491,488,489,499,511,517,519,517,519,522,529,547,563,573,585,586,577,560,553,552,557,559,558,546,535,529,524,531,525,514,508,509,512,513,508,499,488,489,496,500,492,484,474,472,480,500,508,506,505,504,498,506,514,512,507,504,507,511,515,510,504,500,495,498,507,508,506,508,512,515,509,500,501,507,517,519,515,506,487,485,508,536,535,518,508,510,525,540,528,510,505,514,526,522,515,512,510,510,511,505,502,497,487,480,481,482,482,486,496,510,521,518,511,512,526,542,558,564,554,546,538,529,521,523,527,524,529,532,522,514,508,515,529,530,531,517,455,360,273,218,236,342,497,626,705,748,748,712,670,632,580,536,520,527,520,496,487,486,488,490,487,481,488,496,498,492,478,466,466,475,476,470,482,500,505,507,500,492,489,487,490,498,505,505,495,495,500,496,484,484,493,499,503,503,494,483,481,488,496,491,488,487,493,508,528,542,544,560,582,589,579,570,567,573,581,579,568,551,539,533,535,533,525,520,507,493,483,484,499,513,511,497,489,491,496,499,492,483,489,496,503,502,489,480,485,492,490,486,492,503,507,515,513,498,480,478,486,497,515,517,507,503,517,527,524,519,511,500,500,505,522,539,542,530,508,496,503,520,531,527,505,491,488,497,511,520,520,511,508,508,504,497,497,508,517,509,499,500,501,500,496,501,513,518,525,532,522,513,531,551,553,559,564,557,537,521,519,527,520,509,508,515,526,527,522,522,524,516,491,453,407,337,263,242,316,445,582,691,735,726,703,675,631,587,563,548,527,507,491,482,479,488,499,491,472,462,470,492,506,508,497,482,466,469,481,492,503,499,489,498,516,516,504,495,497,505,508,502,488,491,497,488,477,476,483,494,504,510,514,513,499,486,480,487,503,515,510,504,504,518,542,562,572,581,585,577,572,571,560,554,551,540,528,520,520,521,519,524,523,522,519,514,504,499,498,498,496,501,508,511,506,499,502,504,491,478,476,481,491,507,515,517,513,495,493,505,511,504,496,495,494,499,507,510,508,510,516,515,506,504,510,508,505,497,494,500,508,513,514,513,518,522,518,510,508,512,522,525,518,506,499,504,509,518,518,500,495,509,506,493,491,496,495,498,502,502,503,500,505,509,511,516,520,522,519,523,544,551,548,543,537,540,547,546,532,514,515,521,522,522,526,526,519,510,514,513,494,457,396,313,248,246,306,417,542,651,729,756,729,682,625,589,581,579,556,533,515,495,489,506,514,506,489,482,487,480,469,467,475,497,505,494,478,475,480,484,490,498,518,532,524,509,493,487,486,489,488,487,485,482,484,485,485,493,500,500,496,496,491,489,496,507,511,514,520,526,521,528,537,548,564,575,580,573,565,562,563,560,548,541,549,554,540,525,511,497,492,524,554,548,508,484,493,493,484,486,499,504,501,497,493,491,488,487,496,504,502,493,480,471,486,501,504,498,496,496,498,505,514,524,529,512,499,494,504,513,518,521,510,505,508,500,496,497,511,524,522,519,519,520,512,493,489,498,504,518,527,521,510,500,497,510,523,522,499,488,503,508,504,508,504,488,482,491,496,491,482,491,511,519,519,519,525,524,516,523,549,579,582,557,534,529,533,533,524,516,514,520,528,542,543,523,494,496,519,534,520,467,385,302,219,191,268,419,574,690,747,755,732,702,672,636,593,558,538,515,496,500,505,503,491,484,494,499,495,493,488,481,479,473,474,481,486,482,481,482,487,494,493,498,497,494,502,505,488,472,478,495,492,484,486,494,494,483,472,473,482,488,496,508,523,525,507,504,517,528,527,520,525,542,553,560,571,580,581,578,582,575,560,552,548,545,541,530,519,514,520,526,530,518,498,494,490,488,476,446,423,403,370,324,270,230,210,217,253,326,412,499,578,654,715,747,743,727,726,755,801,831,824,792,761,726,685,642,604,577,551,526,499,472,461,451,449,451,443,430,422,425,439,448,445,435,433,440,443,451,465,479,477,463,462,465,465,466,464,466,458,455,454,445,420,408,419,440,453,449,438,428,437,459,487,502,510,518,531,543,548,556,567,578,575,563,560,567,567,555,543,541,537,523,510,521,537,541,541,547,551,540,528,531,512,449,367,286,250,305,438,603,730,791,787,734,657,591,540,514,506,510,506,487,469,463,467,477,480,472,470,480,494,508,506,493,487,493,504,508,504,499,496,492,493,498,499,497,502,502,502,492,485,490,492,492,496,501,510,511,497,482,472,471,488,513,533,535,530,527,537,546,556,572,583,599,608,597,578,572,568,555,536,518,514,520,518,514,504,490,483,480,487,487,486,488,486,489,501,514,520,511,500,501,506,510,504,497,487,483,490,508,518,512,506,506,502,499,502,510,512,510,512,513,502,492,500,502,501,504,502,504,507,509,514,516,508,497,483,483,508,533,535,522,496,477,476,491,501,508,522,526,514,502,499,499,497,499,487,468,472,489,499,508,515,519,528,547,552,554,553,551,548,549,543,533,515,511,516,516,527,541,536,516,505,507,512,519,518,505,469,401,314,235,233,327,463,591,693,752,755,718,674,637,596,564,543,534,531,516,496,489,494,504,501,491,480,484,499,497,480,467,461,471,485,492,491,490,494,504,512,512,506,498,496,494,480,474,471,472,477,492,507,507,499,487,481,494,513,513,503,498,508,521,517,514,521,525,528,530,539,545,549,554,558,568,579,575,566,559,555,547,535,525,513,511,516,513,518,521,524,528,518,497,489,492,496,491,478,490,505,511,504,480,470,478,493,509,510,498,492,501,504,497,498,506,521,526,532,534,523,507,494,490,496,504,505,500,494,499,505,504,505,523,540,535,517,496,495,502,501,499,498,500,506,511,512,511,509,521,531,517,510,515,511,501,505,511,502,496,502,517,516,508,503,488,470,464,473,488,507,520,531,544,535,516,515,523,546,557,561,557,552,544,542,540,537,534,524,507,508,511,511,500,497,521,543,532,497,423,315,214,177,238,378,540,666,736,763,739,689,657,626,592,569,544,524,513,502,489,492,499,488,484,490,493,488,489,496,494,494,496,495,496,498,496,499,498,494,487,479,484,494,489,478,476,480,486,486,486,486,490,500,505,509,515,515,509,485,471,490,506,508,510,517,534,535,523,527,541,556,564,565,570,571,569,563,546,538,547,546,547,536,523,524,530,527,521,516,506,502,496,491,483,481,491,493,494,498,500,506,512,507,496,489,493,496,502,504,507,511,510,514,515,512,500,496,504,509,514,516,511,497,492,498,511,525,532,521,499,496,504,505,503,499,486,492,514,515,506,501,503,508,508,509,515,508,493,493,506,513,514,513,515,524,523,508,501,508,513,504,494,496,497,492,486,486,480,478,489,513,540,563,552,526,513,519,541,553,552,547,554,555,545,535,513,506,512,520,533,531,512,493,488,498,517,525,508,459,384,282,221,260,385,539,663,725,741,727,694,657,615,576,548,522,503,497,497,501,491,476,467,464,481,495,495,489,484,480,480,482,493,507,515,512,505,501,501,500,508,513,497,475,465,477,492,501,504,505,496,484,488,499,497,488,497,511,507,504,507,505,498,500,510,513,516,515,515,525,542,566,588,597,592,584,566,552,556,557,546,534,533,527,521,516,519,519,513,510,507,496,493,489,486,485,488,489,485,480,484,489,504,513,509,499,492,485,481,500,514,509,509,510,501,492,503,530,533,520,514,519,514,497,492,499,509,509,501,497,501,502,493,493,513,528,529,525,527,517,499,491,497,495,492,502,511,513,522,531,536,527,515,504,495,497,505,509,503,497,486,486,495,496,491,495,508,514,510,516,531,550,557,561,556,540,530,536,544,526,499,502,523,525,516,515,522,515,503,499,503,503,476,422,350,270,226,258,372,525,668,750,760,725,676,637,606,580,557,534,501,480,477,476,477,472,470,479,486,492,502,512,519,508,486,480,487,507,519,504,476,474,493,508,522,533,535,538,527,507,494,504,515,492,467,468,485,496,498,503,504,496,488,488,491,493,497,508,517,528,533,537,544,558,567,564,557,560,566,556,537,529,537,547,546,529,526,529,535,543,547,533,519,505,492,489,492,499,498,494,492,493,499,505,512,509,494,492,493,492,490,491,501,513,514,510,500,493,496,501,501,502,507,514,516,508,504,501,499,500,504,513,525,521,515,513,524,530,516,514,503,497,495,494,492,486,484,493,505,527,539,536,531,526,508,491,494,502,499,490,492,498,497,497,502,508,514,517,511,513,519,525,528,527,531,541,547,548,547,545,545,538,529,532,525,524,539,551,550,535,531,536,539,533,512,473,420,353,281,239,267,371,514,638,707,720,707,668,628,612,606,582,556,537,524,520,515,504,487,468,465,488,519,526,499,474,466,476,489,499,501,495,482,483,491,493,486,488,505,509,495,481,469,466,477,486,494,484,472,466,466,481,495,484,472,484,503,508,512,525,538,537,519,512,513,524,535,541,545,547,551,558,561,556,548,554,566,560,544,534,535,525,496,482,487,492,501,511,513,519,523,526,519,519,515,499,490,484,483,484,497,510,523,509,499,507,516,519,510,498,488,476,484,506,521,515,503,501,511,526,530,519,507,498,503,516,524,519,513,508,500,507,517,516,508,507,517,517,518,516,505,499,508,513,496,481,480,485,496,515,529,534,526,515,504,499,504,504,497,497,500,501,505,514,521,521,529,539,540,534,524,524,531,540,546,539,529,529,521,518,524,517,515,511,508,500,497,501,508,500,460,395,318,233,210,297,437,576,684,741,747,734,700,657,616,588,579,565,546,522,495,486,489,487,480,471,466,471,484,496,499,483,472,468,477,494,508,504,491,493,497,508,511,498,484,483,497,514,514,498,475,478,491,497,502,503,489,468,451,452,480,511,521,519,516,504,502,506,510,528,541,550,560,568,575,567,554,560,570,573,572,572,555,538,530,529,523,523,524,522,514,509,502,498,503,507,509,506,498,492,484,475,475,485,505,514,504,491,486,491,492,493,496,504,508,511,505,501,493,487,491,504,515,521,513,511,517,511,491,478,490,513,521,520,519,518,516,517,520,508,503,507,518,528,516,497,487,496,505,515,526,522,499,482,488,498,509,513,504,499,498,501,509,516,522,531,525,515,518,530,539,536,536,553,571,559,540,537,536,529,519,505,501,510,503,494,493,498,512,523,518,481,393,284,197,196,305,463,611,706,755,766,750,707,643,593,564,542,516,495,493,505,504,493,484,480,482,486,494,496,487,482,490,499,497,492,485,485,483,499,516,514,504,506,505,501,495,492,482,471,466,481,495,487,481,493,499,485,469,475,492,503,494,486,507,524,526,523,521,524,530,528,537,556,570,577,578,564,551,544,547,551,555,553,553,544,527,521,528,524,515,521,525,510,480,463,461,467,470,479,500,509,504,500,496,491,493,496,497,505,527,518,500,489,492,498,499,499,503,515,527,531,522,515,512,504,502,517,526,513,496,490,503,507,503,504,514,521,518,520,518,516,520,526,527,518,497,488,486,491,501,506,502,493,491,492,487,483,484,499,525,538,525,512,505,515,541,550,538,525,527,541,551,558,559,550,527,517,527,532,525,513,512,509,503,504,506,475,407,315,234,216,288,435,596,726,783,763,711,662,617,575,547,531,523,519,512,502,491,491,498,504,494,487,482,480,481,479,480,483,484,487,483,486,499,503,497,503,510,508,500,499,507,516,511,492,473,476,491,509,508,503,505,504,504,504,500,501,499,485,477,480,500,529,548,557,547,548,562,568,575,577,568,563,564,554,541,536,546,557,557,556,545,522,508,506,505,496,497,500,508,511,505,498,486,481,480,487,495,492,485,486,483,482,483,491,507,514,514,512,505,497,494,507,519,531,528,521,515,517,518,519,521,508,496,498,497,483,480,491,505,510,512,508,498,494,501,509,506,500,496,501,504,502,499,505,508,502,492,486,485,490,496,512,526,534,523,505,509,536,555,568,575,573,558,538,531,528,521,522,522,514,501,495,499,505,522,538,530,508,473,415,319,240,248,358,514,645,723,756,745,699,632,575,544,522,505,494,482,481,488,488,482,479,484,485,486,489,486,483,493,492,487,497,507,511,508,508,513,512,503,497,499,503,496,494,501,508,509,502,487,480,492,496,494,493,485,479,476,477,484,502,524,527,527,532,543,549,541,527,523,532,548,555,567,580,583,583,585,572,551,547,550,547,533,517,514,509,489,476,477,484,488,486,485,488,490,489,482,486,497,503,501,499,499,502,496,489,497,513,520,527,519,503,490,494,516,532,534,523,509,507,517,518,507,500,499,496,496,498,505,505,505,508,511,506,493,498,511,513,504,498,499,499,500,507,509,504,493,494,504,504,497,491,494,505,515,519,515,511,503,515,540,559,575,576,566,547,532,522,520,517,510,522,536,528,514,509,504,511,523,534,522,481,417,337,251,211,262,399,563,704,772,769,738,695,652,608,577,557,534,517,507,496,480,472,479,492,496,487,477,472,473,477,480,487,500,522,526,508,482,469,461,473,493,502,504,500,493,491,491,486,485,497,499,488,468,459,470,486,489,495,508,513,510,499,495,500,503,507,521,530,536,549,563,566,564,570,583,593,586,569,548,545,552,554,551,541,527,516,512,510,496,488,489,504,512,505,492,482,484,501,496,483,481,490,496,490,497,502,508,505,499,499,499,499,503,510,512,515,515,519,519,516,513,515,523,518,504,496,496,505,514,515,505,499,501,509,508,515,523,514,496,488,500,516,509,494,494,502,505,502,500,499,489,479,484,491,485,485,494,499,498,506,523,535,531,514,504,517,538,548,558,570,573,560,540,528,528,521,515,519,530,529,508,497,502,516,534,532,500,437,345,249,190,209,329,490,643,749,787,761,706,647,604,584,581,563,536,520,520,519,517,516,513,495,472,463,469,486,499,490,475,472,482,496,493,474,476,500,529,534,508,491,491,497,493,487,492,497,493,491,489,481,478,477,476,486,496,497,492,488,483,483,486,504,521,522,518,526,539,552,560,561,563,576,582,579,571,564,554,551,545,544,536,523,518,529,541,543,533,511,493,488,496,516,515,502,490,486,496,501,491,484,480,479,486,499,498,487,474,467,480,504,515,513,508,508,518,526,511,499,502,504,506,514,516,510,504,492,487,499,508,508,512,518,523,533,522,502,506,511,507,500,496,503,507,501,493,493,503,510,510,509,501,486,473,470,480,496,510,518,518,519,524,535,556,573,580,584,574,545,520,502,505,515,519,524,530,528,519,509,515,542,556,535,486,412,322,244,221,282,414,566,699,785,801,747,671,610,571,546,523,500,486,486,492,502,508,503,487,478,478,483,473,463,468,491,503,504,496,489,493,497,491,487,489,502,510,507,513,519,504,496,497,501,493,484,499,508,497,483,487,493,496,495,494,494,497,508,515,513,502,506,526,549,562,559,559,554,557,577,590,581,569,571,570,568,556,536,521,514,515,517,510,498,496,509,510,496,488,476,472,471,472,480,483,492,499,503,505,503,497,495,500,502,495,489,504,526,531,518,507,508,515,522,517,516,509,495,493,494,491,496,508,525,537,537,517,499,496,485,482,497,516,523,521,513,502,497,497,505,511,512,511,498,492,491,507,524,514,497,488,499,518,527,523,515,508,515,538,560,566,556,543,540,546,550,538,524,507,492,507,522,527,522,516,526,526,507,484,453,390,301,225,233,335,488,633,726,762,750,698,648,611,572,533,510,497,490,490,497,497,491,480,479,484,485,487,492,485,478,481,497,510,513,503,500,503,506,506,498,496,504,510,504,492,488,496,502,490,481,481,480,480,492,505,504,498,492,496,510,509,504,513,527,535,527,515,517,525,543,553,556,557,561,575,576,555,536,532,539,548,566,570,552,521,495,493,501,499,497,496,495,502,516,513,503,498,489,483,480,478,491,508,522,515,498,490,503,513,507,487,493,509,517,523,519,512,503,482,472,481,494,510,529,539,527,506,496,502,515,518,514,507,498,513,518,508,501,500,508,523,527,511,496,494,500,514,525,519,513,503,492,487,483,487,509,513,499,490,497,503,506,507,523,534,533,534,551,570,575,564,542,519,506,502,520,531,523,518,526,531,518,501,504,522,527,507,474,415,337,267,231,272,381,506,625,721,757,742,713,670,611,563,543,539,538,529,512,498,497,505,512,515,505,492,485,483,489,485,478,471,474,494,502,496,488,486,495,516,515,500,496,489,481,486,492,480,472,465,464,479,504,516,502,485,481,484,492,497,500,497,496,500,509,522,529,530,527,529,545,566,583,595,584,561,551,547,542,539,539,535,537,540,537,525,510,504,505,521,532,524,517,509,511,519,522,519,496,478,481,481,489,502,502,502,508,508,499,495,496,486,479,486,504,520,510,503,498,485,484,497,504,503,498,499,503,520,527,526,527,521,500,487,488,495,505,508,508,496,491,499,515,531,534,521,515,517,508,487,482,501,515,519,518,506,497,499,503,501,503,493,480,478,505,526,531,520,501,499,522,538,545,544,548,559,567,558,547,536,523,512,514,530,530,516,511,518,521,524,517,472,378,277,210,216,308,447,588,704,763,759,721,680,644,611,582,564,542,522,510,503,498,492,500,507,503,493,493,496,496,491,480,460,440,452,486,508,509,499,486,491,502,505,499,496,492,495,497,492,487,486,489,485,483,488,494,496,492,479,492,510,500,486,484,499,517,511,496,493,510,546,574,583,593,603,609,587,550,531,527,529,540,553,556,543,526,526,543,539,521,502,489,492,498,498,492,482,478,476,479,482,488,498,506,507,513,511,505,496,489,496,518,529,514,490,491,511,518,511,507,501,502,503,501,501,509,518,516,518,526,522,522,525,526,519,500,493,497,505,509,508,515,520,518,507,496,489,500,508,504,495,492,498,497,489,489,497,502,504,499,489,481,487,503,517,528,532,525,515,519,535,541,549,568,583,577,552,534,525,523,519,519,519,513,514,524,524,520,515,515,513,474,386,278,201,212,319,474,625,727,775,755,700,645,608,584,558,527,501,478,470,488,507,512,488,480,477,467,467,481,498,508,508,499,496,501,503,515,522,510,496,492,500,505,496,484,480,487,483,483,489,500,517,525,516,511,513,506,483,463,458,469,481,490,503,519,517,516,531,553,574,580,573,560,555,551,564,576,565,548,550,555,547,540,541,536,526,525,529,519,503,499,497,489,485,490,487,487,497,500,495,497,494,488,481,476,477,491,507,511,512,511,514,513,503,490,483,484,503,514,515,512,507,508,509,513,529,530,515,510,511,515,510,493,497,508,506,505,496,487,499,510,519,521,506,500,500,501,505,508,511,510,511,509,509,508,514,510,500,496,491,492,500,505,511,517,514,517,533,547,549,548,552,553,543,537,537,533,524,511,513,516,515,515,513,511,516,515,496,445,374,295,249,282,398,558,687,752,759,726,676,622,576,542,517,505,501,496,489,485,485,491,488,489,482,469,463,460,466,480,493,496,495,500,502,509,514,511,510,509,510,491,481,489,496,493,487,486,482,476,480,489,501,513,516,514,502,492,489,494,489,492,495,504,516,526,535,545,551,560,570,581,579,564,555,554,556,567,571,563,548,532,525,526,524,516,508,504,497,486,489,498,496,484,484,496,501,493,489,486,497,509,504,492,493,497,499,508,522,531,524,515,507,500,505,524,527,517,512,513,508,498,493
