507,515,519,502,495,500,511,511,511,502,498,515,535,543,534,524,513,500,491,499,524,530,521,504,486,482,489,496,493,486,491,497,500,485,462,450,459,486,511,524,530,527,524,521,524,525,515,517,514,504,497,490,496,508,510,499,504,503,496,494,492,507,529,537,522,502,496,501,511,511,504,505,509,517,525,531,531,518,510,519,529,526,521,516,510,512,514,508,512,522,527,522,510,503,493,480,476,482,497,513,524,524,518,509,508,511,504,502,504,498,504,521,535,534,515,489,485,493,496,486,481,486,487,478,472,483,505,514,510,497,468,446,478,570,691,803,870,857,762,606,445,326,262,248,267,304,350,389,425,454,473,480,480,481,486,496,508,528,533,532,530,540,556,557,553,550,537,532,540,547,543,546,547,545,542,551,545,537,540,545,547,550,550,539,526,520,520,522,524,533,536,534,533,521,504,483,493,503,509,515,515,515,515,508,508,513,504,487,489,487,477,472,477,480,485,497,511,521,530,528,515,499,499,509,523,526,521,518,511,511,517,523,519,517,512,513,519,518,519,523,522,512,500,498,504,511,507,504,509,517,521,524,524,519,500,485,500,524,525,509,503,504,499,504,523,522,499,481,491,521,538,544,539,521,508,511,516,513,515,526,527,513,500,504,524,543,549,536,516,513,507,497,498,510,522,526,528,532,530,518,508,499,500,508,500,489,492,492,499,507,501,498,502,511,519,504,491,484,498,559,662,773,856,863,765,595,428,313,266,268,296,331,366,393,411,424,446,463,473,484,497,517,536,547,553,554,551,542,536,539,539,532,528,519,515,536,547,552,552,539,530,526,534,541,532,523,527,540,551,554,540,519,504,508,521,532,531,529,530,524,509,502,505,509,517,525,526,523,527,522,512,508,511,515,509,497,499,501,495,493,489,492,499,507,507,499,491,498,515,526,528,524,521,518,515,507,513,526,531,531,525,517,519,519,527,526,516,513,514,516,516,499,488,503,524,532,525,515,509,505,505,504,507,503,502,503,508,522,538,539,526,511,505,505,497,496,498,492,496,507,514,520,530,526,521,524,527,519,518,523,519,519,523,518,513,514,524,534,540,531,514,515,520,515,509,505,513,504,493,492,496,495,486,483,489,499,501,508,516,511,509,516,508,486,478,518,616,744,853,883,826,685,506,358,270,241,250,278,326,361,382,402,438,462,473,480,488,504,523,524,526,531,532,529,536,541,544,547,551,553,555,556,560,558,548,534,525,524,530,531,535,543,547,556,553,540,529,521,514,515,524,531,535,532,524,516,519,527,536,538,532,529,523,511,494,483,480,494,519,533,521,504,503,492,476,470,484,503,505,491,476,483,513,538,541,530,519,514,518,519,522,521,508,493,495,503,504,510,518,526,525,508,487,487,497,516,523,519,509,512,521,515,510,518,525,521,504,495,499,512,519,525,527,527,525,523,522,523,517,504,487,493,510,530,542,538,530,522,519,519,515,512,505,506,507,509,520,525,519,520,527,524,516,517,532,542,538,536,536,539,535,522,504,493,497,500,499,502,501,496,491,492,487,492,500,497,495,499,505,502,484,471,479,510,589,716,850,920,881,756,575,395,271,223,227,251,284,324,374,412,435,462,489,506,510,508,511,520,519,514,521,534,548,564,567,558,548,543,544,548,541,533,539,550,550,541,539,533,528,529,536,543,549,550,550,535,520,516,515,510,512,524,533,544,539,521,510,510,516,522,521,516,511,508,513,521,518,509,496,483,474,475,477,484,498,494,498,503,502,499,502,511,515,519,521,522,513,495,486,500,518,517,508,515,522,519,515,514,513,504,500,505,520,529,522,514,511,524,534,538,527,518,513,503,505,515,521,528,526,517,505,499,504,511,523,527,512,502,504,509,511,515,522,526,529,527,514,510,523,546,547,536,509,487,486,504,514,508,504,511,526,544,560,562,547,527,518,506,496,497,511,522,511,489,483,488,495,487,481,492,505,504,500,509,518,514,507,493,476,464,484,556,679,819,911,915,809,624,433,304,230,218,246,288,330,364,396,415,431,454,472,485,494,509,529,539,543,543,541,538,537,536,536,550,558,551,535,522,527,536,547,557,570,558,540,531,526,526,537,550,543,526,518,519,527,531,542,549,545,542,530,518,500,499,515,518,522,528,527,522,523,525,516,502,489,487,495,503,501,496,497,502,499,491,492,498,492,494,497,497,494,499,510,524,532,532,530,524,525,519,508,504,507,510,516,521,522,519,522,531,534,527,525,519,510,507,507,508,510,519,514,507,497,493,498,507,509,514,524,524,510,505,513,520,522,522,521,518,511,504,504,515,519,524,530,536,532,522,514,503,507,514,517,518,515,511,511,526,546,537,519,513,521,536,539,534,519,491,476,481,496,499,504,504,491,467,464,490,517,526,511,503,518,534,523,487,466,513,633,781,897,924,843,670,473,323,248,231,243,271,307,347,387,420,451,483,491,486,487,507,521,529,533,531,527,522,518,527,543,544,540,544,551,558,568,560,540,534,548,551,542,528,523,533,549,551,526,509,524,541,538,536,535,531,525,519,520,529,539,529,514,509,508,509,516,521,513,505,503,503,501,504,503,492,487,483,480,485,499,508,511,509,519,522,508,494,488,489,498,520,528,527,524,523,525,525,528,531,529,520,519,519,512,499,496,497,503,518,530,527,514,505,512,515,517,515,516,513,501,494,498,502,509,514,513,515,514,523,528,518,506,505,507,512,521,521,523,533,537,525,507,509,515,505,496,498,507,513,512,508,511,526,536,522,521,536,541,537,540,540,530,515,509,511,513,508,503,497,497,501,498,492,492,496,509,509,499,500,508,513,513,508,496,477,460,496,588,710,831,895,873,754,566,384,269,234,255,293,332,364,394,410,420,434,455,489,523,529,515,512,518,524,533,535,534,538,546,551,547,545,548,544,541,547,548,540,533,539,534,529,527,529,533,542,553,549,537,531,531,530,522,515,512,517,536,542,527,519,523,534,531,512,494,485,484,496,512,519,526,529,521,502,494,502,507,505,504,503,495,480,477,493,503,499,495,509,530,539,530,516,499,488,502,516,519,510,505,511,524,535,538,523,516,513,509,517,519,513,501,496,498,505,516,519,516,509,501,502,512,523,529,521,512,514,514,518,525,521,506,493,486,483,492,515,534,533,535,543,547,547,534,518,505,498,497,516,535,531,516,511,513,506,503,511,515,524,526,527,521,509,503,516,533,543,536,527,521,515,509,504,498,493,498,504,499,496,493,487,490,503,513,518,516,510,505,502,493,482,506,580,688,788,845,826,722,555,389,297,273,283,307,331,352,380,414,443,459,466,481,498,501,507,514,521,529,541,564,569,566,568,560,544,531,531,537,530,529,533,524,523,531,535,543,552,548,540,542,543,542,533,524,527,521,508,504,506,516,526,527,527,528,529,526,517,513,509,504,504,508,506,505,514,527,533,526,512,499,504,500,485,478,484,491,496,499,505,516,511,502,499,502,503,499,499,505,513,522,534,545,539,521,508,498,487,491,507,521,531,541,545,549,547,533,514,510,511,505,494,489,496,504,506,516,524,536,539,528,517,511,504,502,514,521,513,501,493,494,500,515,537,544,527,510,510,513,523,523,515,507,504,509,527,536,532,521,512,518,530,520,508,508,511,507,511,528,530,524,514,509,518,536,543,528,507,493,490,484,483,494,496,486,481,490,507,515,508,500,509,521,517,499,476,471,504,583,696,799,861,847,741,561,389,291,260,266,287,319,357,392,426,452,465,477,490,501,507,509,510,511,524,540,556,569,563,544,535,537,533,527,537,544,553,558,538,523,531,544,546,532,527,535,537,531,521,526,538,541,534,529,526,524,520,517,519,516,510,515,530,536,524,507,499,508,518,531,533,514,492,488,497,504,512,514,513,507,491,486,496,505,504,503,502,508,519,516,508,500,496,495,502,515,523,526,533,526,521,513,508,516,518,507,504,499,497,503,509,515,515,515,519,526,523,521,524,518,518,523,519,502,496,504,503,499,508,531,543,528,509,503,507,511,521,534,534,515,494,482,490,516,531,532,521,514,519,529,528,520,517,523,514,500,502,510,516,524,532,544,543,536,524,515,516,532,533,527,522,509,502,501,506,511,500,487,489,498,513,517,491,472,476,500,516,510,492,483,476,499,582,696,812,881,866,749,566,406,306,265,254,263,300,339,373,401,425,450,469,480,498,517,529,528,533,543,548,547,542,542,540,541,536,537,545,545,531,534,549,551,545,541,531,524,526,533,536,542,556,557,542,525,518,519,514,513,519,521,514,523,540,543,533,520,516,513,501,507,516,507,507,510,508,505,508,509,511,497,479,475,484,491,493,509,519,521,510,497,496,494,484,492,515,527,528,519,509,522,539,543,533,525,525,526,528,513,496,499,511,519,521,522,508,501,515,532,527,515,526,524,502,490,497,514,522,525,513,508,511,516,508,505,519,517,500,493,502,518,522,508,504,514,516,511,500,500,513,529,540,537,522,516,516,505,501,514,523,525,526,519,516,526,536,534,530,539,540,528,520,512,507,506,510,505,494,480,476,486,495,501,505,515,519,509,500,501,510,511,504,483,466,472,506,583,688,787,865,882,796,629,451,316,245,236,266,306,336,359,380,404,436,463,478,486,490,494,511,535,559,570,556,537,531,544,551,539,524,524,539,553,560,563,560,559,557,559,566,556,529,504,502,514,522,519,524,533,530,535,548,559,551,532,513,512,516,521,522,518,514,511,511,513,511,515,506,500,507,509,508,507,497,488,480,480,489,493,491,483,480,492,507,515,524,533,536,535,516,497,498,512,523,517,510,513,512,519,534,535,515,504,508,515,514,510,511,522,526,514,493,487,500,516,511,505,513,520,520,524,523,516,516,516,519,516,511,514,528,537,540,524,509,505,492,492,504,506,506,514,522,529,525,523,517,511,519,522,514,501,501,505,510,519,526,533,536,533,541,539,515,508,520,532,527,515,504,509,523,532,525,511,499,489,475,463,466,480,497,505,508,513,511,509,508,508,494,473,465,511,611,734,847,897,853,723,551,388,278,238,251,283,314,345,374,401,427,449,465,478,499,508,510,518,536,553,561,552,542,544,547,549,552,554,544,535,530,536,547,551,550,540,528,524,534,551,556,546,531,521,515,512,524,528,519,519,518,522,533,539,533,524,519,522,516,506,513,516,505,505,519,525,515,499,496,502,500,484,478,483,487,492,498,502,515,519,506,509,516,504,496,503,518,522,524,521,512,508,512,522,522,514,508,504,505,510,521,528,524,520,525,526,523,517,522,533,521,498,480,488,510,520,522,508,496,503,521,537,541,533,517,511,512,515,515,520,519,514,519,519,505,489,492,505,515,522,522,519,524,524,517,512,522,525,515,511,513,511,508,504,511,525,531,537,551,554,547,539,536,536,523,497,474,476,499,504,501,499,498,502,506,514,512,497,482,485,487,490,502,510,499,480,472,496,572,697,839,933,934,812,601,395,252,187,192,244,301,342,367,393,425,451,472,487,503,521,528,522,516,515,531,545,540,536,544,569,578,560,554,555,544,542,536,536,539,541,538,540,547,548,549,546,529,527,539,528,519,524,540,548,532,521,526,539,531,505,493,494,503,512,525,538,529,508,492,489,492,504,503,494,499,504,500,490,491,488,488,497,504,504,506,504,503,509,509,508,512,518,519,519,516,508,507,508,510,522,531,533,530,521,519,521,519,514,504,501,505,516,533,528,508,491,492,508,517,521,529,534,526,521,525,526,509,496,496,500,511,511,512,521,525,526,524,527,526,511,504,504,500,500,504,514,528,539,539,526,511,507,510,509,504,511,519,506,499,504,512,521,518,517,525,526,522,515,514,519,534,541,537,532,529,519,509,501,501,499,478,461,460,474,492,503,503,502,508,514,519,518,506,501,501,504,538,623,750,880,934,868,693,490,332,247,221,236,276,318,339,364,399,432,447,463,488,518,532,530,524,521,515,513,533,558,574,573,560,546,542,550,560,556,553,553,553,541,529,530,538,543,545,541,542,540,526,514,520,533,537,543,543,535,527,528,523,513,513,520,515,509,501,502,507,516,514,513,514,510,507,506,506,513,513,484,462,464,470,471,482,498,516,529,524,521,518,510,500,497,505,514,509,503,505,524,534,535,530,519,516,523,516,504,500,497,492,499,513,521,517,504,499,496,503,523,536,529,516,504,510,526,535,533,519,513,512,514,514,522,522,513,513,515,516,524,522,515,511,511,515,524,526,522,519,513,510,511,504,500,510,515,518,531,544,547,539,527,524,534,539,542,541,519,500,493,491,496,506,523,531,512,492,486,487,486,489,489,483,482,488,497,521,539,533,522,502,475,463,478,538,635,750,856,893,843,705,509,334,237,231,254,283,313,347,387,417,431,441,457,483,510,529,524,519,537,560,566,555,548,540,530,525,527,535,543,549,551,543,539,539,551,563,570,574,563,548,536,531,519,507,507,507,518,531,534,535,533,520,513,517,530,543,543,535,529,522,512,495,482,482,498,518,520,503,481,481,486,492,500,509,515,504,484,478,493,502,500,500,507,516,526,529,526,524,522,515,517,511,504,511,515,513,511,522,534,541,541,534,532,522,511,506,494,488,496,506,506,505,511,510,511,517,521,516,511,522,531,532,531,525,511,500,496,502,508,512,514,512,513,519,517,515,513,516,519,516,506,499,501,508,511,513,515,523,536,535,525,531,543,535,522,510,501,496,507,524,524,520,521,528,534,523,510,506,500,496,494,493,485,484,485,493,506,514,520,518,513,498,483,476,488,515,581,683,801,887,870,743,572,398,271,233,256,286,319,352,377,405,435,460,470,476,493,526,543,531,515,515,524,531,540,555,567,563,551,550,557,552,544,541,544,551,551,546,543,533,519,525,530,532,542,545,533,520,520,527,532,523,520,532,542,529,518,506,492,491,505,514,514,510,510,518,527,519,504,489,486,496,505,505,500,490,491,494,503,510,503,496,493,489,493,496,500,505,510,522,531,529,525,525,530,536,529,521,531,529,504,487,495,515,530,529,521,518,521,517,507,501,505,525,540,537,525,501,485,489,499,504,509,511,510,507,514,525,528,526,523,524,525,515,516,516,510,500,503,513,527,535,532,516,508,515,524,521,514,521,533,533,522,511,509,516,530,531,511,503,508,515,514,506,509,521,538,546,546,546,552,537,504,487,488,487,490,496,505,505,496,497,502,500,499,499,499,504,511,498,480,468,463,485,548,639,752,852,879,812,677,514,362,265,235,255,289,326,357,386,414,438,460,482,496,504,521,532,523,510,516,539,550,545,551,550,541,533,530,534,543,547,542,541,539,535,532,540,551,544,530,529,540,546,542,538,537,529,526,537,546,535,515,512,521,522,517,513,518,522,513,514,525,520,506,506,513,508,498,503,510,508,497,489,493,497,492,487,487,488,489,500,510,509,510,517,521,517,507,505,508,515,518,519,520,526,526,512,505,510,516,525,535,527,517,514,515,517,510,507,511,516,516,518,524,517,510,513,516,513,508,514,517,516,515,518,514,506,512,522,527,527,511,498,501,509,512,518,518,516,522,534,536,527,524,527,526,510,498,492,494,502,510,517,525,521,513,513,518,518,525,537,543,542,538,536,526,511,503,508,511,500,496,498,491,493,509,516,508,499,493,489,498,505,515,511,495,480,477,471,478,507,560,652,769,862,881,813,665,500,357,268,231,233,262,301,349,390,422,449,469,481,494,515,523,518,515,523,542,547,536,534,544,558,566,563,556,554,555,547,537,530,530,534,536,532,530,535,534,533,541,552,550,536,521,512,519,529,525,524,530,530,529,524,519,512,509,527,539,533,526,526,517,502,493,496,506,508,504,495,488,495,507,504,487,472,475,508,534,531,518,500,495,496,497,502,500,502,504,511,518,527,533,534,548,556,534,502,486,489,501,511,522,520,511,505,501,496,500,514,532,536,520,508,520,528,524,517,507,488,487,511,530,532,528,523,518,510,498,503,524,533,526,516,510,499,491,499,519,540,538,529,518,512,514,515,513,507,508,515,511,507,515,528,533,519,517,525,531,531,520,509,505,509,513,529,538,528,505,488,493,526,540,519,486,469,472,476,486,503,516,516,515,520,522,507,482,464,485,561,675,795,885,901,819,652,457,316,246,214,216,256,310,355,388,418,440,460,484,501,518,524,524,524,530,542,543,549,548,542,543,548,547,533,533,550,566,558,537,528,527,530,536,537,536,534,543,550,549,543,540,542,537,532,538,545,535,515,507,514,517,519,519,512,504,499,511,522,515,502,499,505,514,516,509,508,513,511,497,479,478,481,490,504,507,504,500,507,519,516,507,502,505,511,520,527,533,527,522,514,502,507,518,531,550,551,527,501,499,511,518,526,527,518,508,507,517,528,536,522,500,497,509,502,486,486,495,508,513,509,513,526,533,534,522,510,506,509,515,520,524,517,498,492,496,503,517,531,540,545,542,528,513,505,503,504,514,522,523,510,499,505,523,537,535,524,518,520,530,536,537,534,523,516,519,512,497,484,484,494,496,485,477,487,504,514,508,504,507,511,513,516,515,488,447,435,487,605,755,892,957,891,712,515,366,272,229,241,278,302,332,364,386,408,436,466,491,510,516,517,522,531,543,562,570,555,531,536,550,553,545,535,532,539,547,552,552,548,550,559,559,543,526,512,510,525,542,545,536,529,541,549,547,545,540,530,513,505,503,516,518,507,508,522,532,518,503,499,500,497,493,497,502,505,499,496,495,486,474,478,495,507,514,520,520,513,507,499,500,504,503,505,505,513,516,523,537,540,534,536,527,508,501,504,515,526,525,524,518,502,498,510,524,527,525,514,503,488,487,505,524,537,542,533,514,497,488,496,510,526,525,510,506,511,522,542,546,530,506,494,497,505,504,502,503,501,500,515,536,543,536,541,555,539,514,500,498,504,513,525,535,529,526,520,515,521,532,539,526,504,498,500,499,485,477,488,509,516,505,504,508,504,492,487,494,497,495,476,452,472,547,664,793,902,939,868,696,486,318,233,219,240,266,304,346,379,391,406,434,465,483,486,497,519,536,540,543,556,575,575,558,532,531,549,553,547,557,574,566,543,524,524,538,541,535,532,546,559,547,517,509,522,534,534,524,527,527,527,533,533,534,544,549,539,519,508,506,505,500,512,531,523,511,508,499,487,488,498,507,497,480,467,465,478,494,503,514,509,494,493,505,516,522,531,539,531,523,508,510,519,520,515,508,507,520,536,534,528,519,512,516,508,495,487,491,501,508,519,526,521,518,517,521,530,521,514,526,522,513,495,488,504,515,520,534,527,509,498,494,502,517,531,539,538,519,507,514,523,524,519,516,518,516,518,515,511,515,522,533,534,533,520,513,523,543,541,521,511,523,539,534,505,478,472,476,478,478,488,499,504,494,493,505,515,515,510,500,491,487,490,502,559,669,806,906,914,811,629,440,297,226,218,251,294,332,366,391,407,430,448,462,470,482,507,517,527,548,569,569,551,543,550,559,558,550,548,550,545,542,547,544,529,527,540,547,545,543,545,538,516,512,527,544,552,545,544,544,536,528,532,540,538,529,518,511,512,511,507,504,501,507,514,519,516,499,480,484,498,499,488,473,468,481,494,488,478,482,504,518,517,513,507,511,523,519,502,502,512,524,528,527,528,529,522,518,505,487,489,507,520,532,541,535,521,509,505,511,515,521,515,511,503,505,521,529,529,539,539,526,505,500,504,510,510,511,514,518,511,504,509,521,533,527,516,524,530,524,524,524,519,513,512,519,530,531,510,498,498,511,522,529,530,526,530,533,530,524,518,516,510,508,515,520,512,487,478,486,488,485,479,480,495,501,502,512,520,516,513,504,480,476,500,568,683,828,934,931,802,606,418,294,236,223,240,279,314,342,371,402,431,455,475,488,504,525,541,543,538,534,530,530,540,547,552,551,554,551,540,532,534,546,558,563,553,545,554,551,539,534,540,551,548,547,555,540,511,507,513,522,540,552,545,522,504,500,507,516,523,526,532,527,523,520,506,485,478,480,480,489,496,484,466,475,489,495,495,499,495,495,510,510,491,496,524,547,547,534,515,502,505,515,525,536,531,515,508,521,532,527,516,524,523,515,501,497,496,500,511,518,520,517,521,521,511,505,511,518,522,529,526,514,511,522,523,510,495,501,523,535,526,517,513,518,527,544,546,522,497,483,489,504,519,524,525,521,511,504,511,527,532,524,519,523,531,532,533,541,541,535,529,515,506,492,476,467,465,478,489,489,493,503,512,523,529,520,500,498,499,492,487,480,475,503,590,719,845,912,890,757,561,381,266,226,229,259,303,328,351,382,422,468,495,497,499,502,502,512,533,548,551,552,553,563,572,566,550,533,519,511,520,543,547,548,543,529,526,541,559,560,553,553,550,543,533,525,535,548,546,531,525,526,520,508,494,492,508,526,531,519,505,511,519,523,526,525,511,486,472,469,479,505,516,506,485,475,481,509,526,523,520,509,496,488,484,489,511,531,530,527,536,532,524,519,519,524,515,505,501,506,516,521,520,512,516,526,533,536,529,520,516,512,496,483,485,505,516,520,516,517,521,525,532,534,526,515,509,505,510,519,518,501,492,501,511,518,524,526,526,525,518,511,510,510,511,511,511,513,514,512,515,526,530,531,532,531,528,525,530,533,528,526,532,532,522,503,487,487,500,509,508,496,490,482,470,480,502,511,511,519,525,520,511,494,474,462,482,553,647,746,838,878,816,678,513,363,265,241,259,289,325,360,390,414,433,448,456,478,504,517,527,539,539,539,546,547,542,544,542,541,531,522,527,540,549,550,541,537,542,542,543,537,536,537,539,534,531,525,525,537,546,547,547,542,536,529,529,526,517,509,503,502,499,492,491,513,540,542,530,525,525,516,502,490,476,472,488,505,510,503,496,489,490,499,518,535,530,517,517,515,499,482,490,504,502,497,499,504,508,507,508,507,518,531,537,534,530,528,529,525,513,503,510,525,529,516,498,492,498,505,515,526,526,524,523,517,524,524,524,524,525,515,499,492,495,505,518,523,517,513,519,533,536,528,520,512,509,511,511,502,501,510,526,540,522,499,491,505,515,524,523,524,527,532,535,526,514,515,521,532,533,522,513,515,522,526,526,526,516,501,489,484,479,470,468,476,489,499,511,520,518,511,505,501,497,491,510,577,688,809,888,868,740,568,419,307,245,228,248,296,351,398,422,440,453,474,500,518,514,505,501,511,519,525,532,545,547,540,530,524,528,545,552,557,558,560,560,555,543,535,537,534,524,519,529,535,526,524,533,541,541,542,537,535,535,533,526,515,500,499,514,510,494,501,517,529,527,533,526,505,493,500,510,522,526,511,497,486,486,503,517,513,494,483,493,511,521,511,501,504,502,496,496,502,510,508,500,499,507,524,532,536,531,525,529,532,530,524,508,496,495,504,516,524,521,513,510,507,501,499,513,537,545,538,521,507,501,501,499,508,517,525,519,504,496,507,534,539,527,516,513,522,529,529,526,520,502,499,512,520,516,510,510,523,533,516,492,488,501,509,511,516,527,527,524,524,525,525,532,535,521,510,508,510,510,517,536,543,543,532,507,487,487,499,509,504,492,480,487,511,522,516,507,499,497,504,514,518,492,460,449,487,573,672,770,855,881,798,632,457,322,248,234,263,300,328,359,390,418,436,452,475,486,489,509,535,554,565,561,548,533,522,524,539,560,574,573,559,539,531,539,540,536,535,534,545,542,531,530,540,553,550,543,536,531,530,534,532,520,507,511,520,524,525,526,522,514,508,504,505,509,515,521,516,503,496,510,510,494,492,499,494,486,485,494,499,507,506,498,498,495,493,498,504,509,513,518,526,523,515,512,518,528,535,532,527,523,529,522,510,506,512,524,531,530,519,513,511,508,510,511,508,506,511,516,512,498,496,505,523,536,535,535,532,528,524,513,510,515,515,508,495,491,501,513,520,524,531,542,537,514,492,483,492,508,524,532,517,501,500,515,521,524,526,521,512,510,508,509,518,526,526,536,546,545,531,520,512,501,507,520,523,518,518,522,535,537,512,475,451,450,467,487,499,503,506,514,524,529,522,502,499,493,476,465,467,505,584,706,838,915,902,782,582,388,277,233,231,257,295,336,368,398,426,447,465,486,498,506,518,519,515,522,542,559,565,553,541,537,538,543,548,551,558,566,565,551,538,540,545,539,528,516,502,501,520,535,546,546,539,535,538,542,540,535,542,547,539,521,513,511,501,499,510,517,510,504,511,527,524,523,522,504,487,481,482,494,501,507,508,500,500,506,500,493,499,508,508,500,490,491,499,505,507,511,511,517,524,534,543,547,540,524,517,511,509,511,502,484,481,492,503,511,522,534,541,534,519,505,497,502,524,536,534,520,491,479,507,527,525,519,519,524,520,515,512,512,520,525,520,526,528,513,496,496,503,511,523,523,524,529,525,515,510,508,515,515,508,509,520,528,525,524,532,527,516,514,516,513,511,523,527,527,524,522,514,499,492,490,488,492,492,486,480,479,489,510,528,521,510,517,527,514,484,480,539,657,800,917,938,836,646,447,295,232,231,256,287,316,343,375,398,422,441,458,478,500,513,521,527,532,537,542,551,555,553,551,557,560,547,539,540,532,526,529,529,528,536,543,556,559,548,549,552,546,545,549,546,539,532,524,520,515,525,529,519,501,505,516,524,528,528,524,519,507,495,494,499,499,497,499,495,494,490,497,511,516,510,504,496,492,498,503,499,496,496,501,499,503,515,529,532,521,516,519,525,527,527,530,530,522,515,511,509,498,487,490,511,521,524,520,514,514,525,531,524,519,516,516,510,503,514,527,525,530,526,503,499,500,501,491,482,487,507,530,540,530,523,526,529,531,530,528,522,511,502,504,504,503,509,514,510,498,504,527,537,536,537,528,519,514,518,522,515,510,507,515,528,536,539,532,524,519,514,508,501,499,496,480,476,488,491,486,475,476,487,508,524,528,520,502,482,476,518,613,741,871,942,902,742,537,351,236,206,224,255,298,341,383,417,440,450,463,480,494,511,519,511,502,505,521,538,555,558,551,546,551,567,579,574,551,529,533,548,550,553,551,547,534,527,527,530,534,543,544,540,530,527,535,544,555,551,530,515,512,516,525,527,524,517,506,500,511,519,507,492,497,507,501,494,489,491,504,502,484,475,462,456,472,499,513,509,501,504,511,515,526,531,526,516,519,535,533,520,515,515,514,518,524,519,510,511,520,527,530,527,525,517,510,502,499,512,516,511,509,513,511,508,511,504,499,506,522,526,525,520,519,515,503,504,513,520,524,524,521,515,504,499,511,525,536,543,543,528,510,498,499,512,519,505,498,507,520,532,536,526,522,524,529,538,529,511,508,509,503,505,513,519,519,521,531,536,535,518,496,486,481,473,463,466,480,496,506,498,496,501,504,517,521,497,475,495,564,673,799,899,926,837,652,457,308,225,202,227,265,305,348,390,421,440,463,492,515,517,514,519,519,521,530,542,553,559,557,560,563,554,540,533,542,551,551,541,537,540,542,537,526,521,530,540,545,543,540,545,545,547,550,540,525,510,518,540,547,531,508,489,494,511,515,511,511,511,515,519,517,511,509,508,495,478,465,458,466,482,494,502,511,523,531,533,524,507,495,505,519,514,516,516,518,522,522,523,520,515,510,508,500,496,511,527,530,522,517,509,503,509,516,511,499,493,501,515,520,525,534,539,527,513,503,499,501,508,513,517,524,523,516,508,517,538,547,542,518,505,501,503,501,496,499,521,543,540,531,521,521,530,528,523,514,510,512,514,511,494,488,504,527,543,543,539,542,547,550,542,518,491,473,485,502,505,494,484,484,491,492,497,502,504,508,514,512,509,509,497,480,466,463,476,515,596,708,810,867,853,747,574,402,298,264,271,291,317,349,380,412,443,451,451,457,480,513,536,545,531,525,539,540,536,534,536,542,547,543,540,539,545,544,543,542,535,537,551,564,571,568,555,539,524,526,527,527,534,539,528,515,515,533,549,547,534,512,496,498,511,514,506,501,506,519,527,526,509,494,482,477,485,505,515,501,493,494,501,497,486,480,484,497,505,519,529,527,515,510,519,531,529,519,508,509,520,521,519,527,536,540,532,519,502,494,506,519,512,505,510,519,521,520,507,494,504,519,524,518,504,496,497,519,542,534,513,504,503,511,516,520,524,515,511,513,511,511,516,515,523,540,541,531,517,499,490,497,507,514,519,517,511,511,519,510,502,510,527,534,529,526,538,554,551,532,523,528,530,515,503,507,505,500,495,497,501,494,480,466,476,506,519,503,486,494,523,532,524,504,483,488,538,632,744,828,855,793,654,495,366,288,267,278,295,328,371,394,416,448,473,484,489,494,510,527,534,538,536,531,540,543,534,516,499,515,551,567,564,558,551,544,542,543,544,542,542,540,534,531,540,551,541,522,518,522,519,511,511,523,534,536,527,518,524,521,507,500,502,508,519,529,534,527,521,521,514,493,480,476,484,491,484,479,488,501,502,499,504,520,528,526,520,511,497,486,487,508,527,536,524,507,500,508,520,535,535,525,520,521,521,512,508,515,513,513,523,527,521,509,497,496,499,508,536,558,548,522,501,489,492,511,534,541,524,504,497,496,500,513,529,537,530,524,524,520,506,503,510,518,520,520,515,504,501,505,514,514,504,510,526,526,519,518,533,535,529,528,523,519,510,505,505,512,530,545,543,539,534,516,501,497,496,498,503,497,484,475,478,471,472,496,522,531,524,520,519,511,497,487,484,521,613,737,845,885,835,691,508,356,270,246,251,271,305,363,417,446,445,445,470,501,511,505,496,493,509,526,535,544,554,563,565,556,538,525,521,539,560,564,550,531,523,522,528,538,553,569,566,539,516,508,507,504,508,527,551,557,553,542,541,543,536,522,510,511,520,529,528,519,506,490,492,507,515,523,517,501,483,469,470,485,502,510,509,496,479,473,478,487,503,505,503,506,515,518,516,511,510,516,518,521,536,547,555,551,539,531,520,506,502,498,499,506,514,521,521,518,515,509,506,504,507,508,512,519,524,528,530,527,519,517,527,527,511,507,509,498,488,496,505,509,508,504,513,526,543,546,542,533,512,499,492,490,496,512,529,532,519,505,502,512,520,529,537,538,536,534,522,511,510,516,528,546,556,546,543,547,541,519,504,487,475,474,477,478,475,483,499,508,507,500,500,505,507,512,510,476,446,461,540,654,775,876,914,850,690,501,349,263,228,231,252,281,328,382,412,422,447,483,509,508,498,504,515,521,523,541,572,573,545,522,519,526,543,562,573,574,562,547,538,529,527,540,559,567,571,563,546,534,530,529,528,525,519,523,527,531,524,514,517,518,510,503,503,512,511,505,511,523,529,530,525,515,511,509,508,508,500,491,487,482,474,486,504,505,501,503,503,496,502,508,511,510,511,510,517,524,519,512,522,536,540,534,529,524,516,510,504,496,502,518,521,514,516,522,529,519,506,512,510,504,505,511,518,522,515,514,521,525,521,521,523,516,512,522,531,523,499,485,493,508,516,515,518,525,521,511,503,508,518,527,527,515,510,515,517,511,514,524,528,531,534,537,550,543,519,510,515,514,508,502,500,504,504,504,491,484,486,476,469,483,511,526,515,490,480,491,501,492,477,492,562,681,814,910,923,820,649,463,312,226,207,236,279,326,361,391,412,430,453,472,478,488,506,527,541,541,540,545,553,549,544,550,549,545,547,536,534,543,548,556,564,574,567,560,547,524,518,534,554,556,536,519,517,516,519,524,532,542,546,539,524,526,521,510,510,518,517,513,505,496,492,487,492,496,508,528,529,518,502,492,489,487,478,472,478,487,495,501,504,508,521,533,531,526,526,529,529,527,518,505,497,500,511,522,526,522,513,510,508,504,506,524,534,530,522,521,515,498,489,496,507,513,515,516,523,532,531,522,513,501,502,513,523,517,512,512,511,518,507,496,507,521,524,523,521,525,536,524,507,498,496,500,513,531,535,535,526,514,515,519,520,524,523,523,528,538,547,552,536,523,513,510,515,516,500,485,482,478,471,465,468,488,503,507,515,527,518,504,496,480,465,455,467,518,631,774,897,947,897,745,548,376,266,223,219,240,284,329,366,390,415,445,479,501,494,491,510,530,541,553,555,547,548,558,560,551,540,526,533,543,545,546,557,565,552,543,538,531,525,529,540,541,542,551,552,550,537,527,521,511,509,519,533,542,533,518,510,506,508,518,528,524,514,502,498,494,488,484,484,497,502,496,499,510,515,517,503,483,472,480,496,501,496,496,503,513,518,532,539,528,518,523,530,527,533,533,521,511,505,503,505,506,498,502,519,533,533,519,514,512,504,511,519,510,490,489,513,536,542,536,521,503,504,522,530,526,514,509,518,536,532,504,488,495,502,509,511,519,531,533,527,514,495,500,524,527,505,492,508,528,535,539,546,545,532,527,529,527,519,515,518,515,510,516,521,526,525,513,491,480,484,495,502,504,496,493,491,492,494,499,503,502,495,478,473,481,531,638,774,885,924,866,711,513,347,249,225,243,279,327,362,378,384,403,435,463,481,493,498,501,518,539,546,544,550,551,553,555,550,540,545,552,547,548,556,552,533,521,524,532,540,550,556,545,536,535,540,541,548,549,551,543,536,535,526,520,524,523,519,518,516,497,485,487,498,508,511,499,494,501,507,509,509,511,513,503,483,476,485,493,492,497,501,507,513,517,518,517,517,520,515,510,512,522,531,519,497,500,527,547,524,498,498,515,536,537,527,517,512,507,500,496,492,499,512,524,532,524,517,517,523,524,519,510,494,491,499,511,517,521,524,518,511,525,551,553,528,505,497,496,497,502,503,499,504,516,519,528,527,511,503,511,518,519,536,550,547,529,519,516,519,520,524,522,515,515,527,533,526,515,515,512,510,511,501,491,487,490,491,489,483,484,495,510,516,514,522,524,510,491,465,457,480,542,640,745,838,883,843,702,510,356,271,245,255,284,327,372,412,438,446,445,444,460,492,519,526,536,536,529,529,536,540,540,541,551,567,568,555,536,531,543,547,546,548,552,549,545,542,534,527,524,525,529,532,536,543,535,523,512,516,538,547,536,533,532,518,512,507,497,490,494,501,498,494,499,509,519,513,502,496,492,487,492,492,496,504,501,492,489,503,519,525,524,516,513,510,499,496,501,521,523,515,518,526,524,518,516,526,536,529,519,514,517,516,511,507,513,525,529,527,523,520,526,533,533,515,501,505,513,515,510,505,497,492,490,497,509,513,515,523,523,513,515,529,536,534,526,518,515,495,475,480,502,524,538,539,530,508,493,500,524,539,536,526,515,510,513,526,527,520,519,529,532,528,519,521,515,505,509,519,520,516,512,506,501,498,495,496,499,496,493,487,488,510,528,530,524,520,513,496,472,468,521,626,745,846,879,819,671,494,349,269,244,254,287,321,355,392,440,458,466,475,480,485,499,516,526,519,513,526,540,548,553,562,572,574,561,534,518,515,519,526,532,542,547,549,547,545,551,560,552,539,530,530,533,543,550,545,540,536,527,512,508,519,527,529,520,507,501,504,518,526,520,509,499,497,504,506,498,492,492,487,478,474,480,486,483,490,512,527,524,514,505,506,513,515,509,504,513,522,518,510,501,496,505,523,535,528,522,524,526,527,529,527,522,510,502,502,507,514,518,514,519,524,527,527,515,505,510,525,535,523,507,504,508,506,511,520,528,532,529,515,502,496,507,516,515,522,524,511,492,491,501,513,514,512,513,524,532,537,547,547,545,534,520,506,497,495,484,482,493,518,532,542,549,547,539,528,524,521,527,512,482,460,468,487,498,507,515,518,508,494,492,504,515,523,519,502,477,457,467,520,617,730,828,885,872,752,568,404,290,238,237,255,290,342,384,409,439,465,475,478,484,496,503,519,537,543,533,521,520,527,545,559,560,560,561,553,549,544,537,534,537,547,549,540,538,537,539,543,542,543,535,530,526,528,543,551,546,531,517,496,491,513,526,518,508,501,504,522,537,541,538,520,509,508,502,496,481,469,463,464,475,491,510,525,527,512,502,505,512,505,492,485,496,519,530,523,515,518,522,521,517,509,504,502,505,517,527,539,550,554,541,524,512,503,499,501,509,508,495,490,503,522,533,539,534,518,505,498,494,494,504,508,513,518,515,512,519,522,524,530,531,519,508,509,526,540,532,508,492,487,492,498,510,525,530,519,511,514,531,536,531,530,533,530,526,519,517,526,543,555,546,524,516,521,523,518,506,488,479,480,484,487,483,480,483,497,504,518,528,524,508,489,470,460,467,527,645,776,886,919,842,679,488,335,248,228,249,281,314,351,385,412,430,441,450,472,500,529,534,521,512,526,548,560,560,556,547,542,546,539,531,534,532,535,536,538,540,543,548,552,557,560,563,562,551,538,531,522,520,529,534,536,540,542,541,532,527,524,519,507,504,510,505,487,476,492,510,514,515,510,503,497,500,504,499,493,499,501,491,479,475,484,497,508,509,506,508,521,532,525,513,506,507,509,515,505,495,503,518,529,542,543,535,525,518,519,523,507,494,501,508,513,521,528,524,520,523,519,507,506,510,510,511,518,520,511,507,519,529,527,519,515,516,528,537,531,521,514,506,506,519,535,536,516,489,477,491,506,508,506,507,508,516,523,524,523,529,539,547,538,518,511,525,540,538,526,517,514,515,523,527,519,514,509,489,470,475,483,485,492,507,513,497,484,490,503,511,519,518,505,486,477,517,604,719,840,913,883,747,559,382,276,236,234,255,292,334,368,392,416,448,475,486,500,519,536,541,528,510,519,541,550,543,537,543,550,541,527,523,543,568,575,559,546,540,536,528,528,539,543,543,540,524,516,524,537,541,537,539,540,532,514,505,510,513,518,520,512,502,508,530,537,532,523,514,505,498,491,487,491,484,478,485,492,492,492,502,515,511,495,491,507,519,520,519,524,527,518,507,508,508,507,515,527,533,534,539,541,523,516,523,527,529,520,509,499,494,495,502,517,530,543,543,532,517,505,508,517,512,504,494,494,502,511,519,524,524,520,521,523,518,519,536,544,533,521,512,516,516,503,496,494,501,511,522,531,524,514,507,507,510,514,520,522,518,511,508,511,520,528,534,534,524,511,508,521,531,534,520,518,512,501,495,491,484,475,472,475,477,493,517,525,523,523,525,519,514,501,478,456,457,500,604,739,854,905,864,739,572,409,281,212,200,228,290,347,378,403,429,450,461,463,475,493,506,517,526,541,560,577,577,569,560,552,550,554,553,543,540,546,543,538,541,541,549,561,564,551,530,525,532,538,537,540,536,526,522,527,534,539,544,540,524,514,508,501,511,522,526,522,521,516,510,504,496,495,498,492,486,486,487,482,480,490,500,504,506,504,504,506,509,513,509,505,497,495,512,522,526,533,530,527,529,531,522,510,501,505,517,512,492,484,499,513,531,543,536,529,513,500,499,497,496,500,512,521,519,515,512,524,536,541,541,526,504,504,512,515,512,499,498,506,515,523,523,524,532,536,520,499,496,511,527,542,547,532,513,504,504,511,508,503,504,515,527,516,508,519,527,530,534,540,550,557,549,541,530,506,487,483,479,472,472,472,475,486,494,499,503,509,515,524,518,512,515,499,476,463,480,556,688,830,916,913,804,610,413,276,211,222,262,301,327,350,382,421,453,471,483,502,521,531,532,527,536,544,536,533,538,536,529,535,543,551,556,556,561,562,553,548,546,537,535,533,531,535,527,522,522,532,550,556,554,546,537,532,524,519,522,525,527,521,514,506,514,522,521,511,507,504,496,494,493,479,478,500,521,519,512,519,517,499,495,498,490,476,474,484,491,492,495,506,519,521,512,512,524,535,534,525,518,514,515,517,520,523,519,529,534,520,506,505,505,503,504,511,512,520,535,535,524,521,511,513,519,534,534,513,496,497,508,515,513,508,512,524,527,517,507,511,511,499,502,521,525,520,516,505,504,508,521,536,542,542,539,529,511,503,508,525,533,532,536,533,523,523,523,536,547,540,510,484,475,476,482,484,484,479,480,494,504,499,497,508,508,499,496,494,485,502,567,673,787,864,870,779,611,424,294,251,263,294,327,367,393,407,423,438,457,478,491,500,516,530,533,529,519,514,531,547,540,527,540,555,559,553,542,543,543,536,530,532,538,549,558,555,549,544,544,543,536,528,523,527,538,539,531,524,524,522,518,522,529,524,509,493,480,489,515,518,505,499,506,508,496,487,488,492,496,496,500,505,500,490,492,505,522,531,529,520,514,520,527,523,506,493,489,495,504,512,519,514,520,536,530,519,515,511,514,526,532,536,523,508,511,518,515,506,508,505,499,513,531,531,523,518,517,520,513,513,516,513,514,519,512,511,511,514,515,511,508,504,511,519,518,508,501,501,520,533,531,529,531,535,536,530,523,532,529,515,497,501,521,535,545,535,519,516,511,511,514,498,481,471,479,499,517,514,500,495,497,496,492,502,518,521,499,473,466,497,564,647,736,825,872,815,655,470,333,257,248,281,313,338,351,375,417,446,471,494,508,524,534,536,537,539,536,531,530,526,527,529,533,538,542,542,538,536,540,543,536,536,551,559,549,540,542,548,550,539,527,524,519,530,544,545,531,511,509,515,515,514,517,522,527,526,520,512,503,496,490,501,521,531,528,511,482,463,475,504,521,517,508,492,475,479,493,505,515,519,519,520,525,518,503,502,517,526,538,536,515,501,499,508,519,523,519,518,525,532,524,509,504,507,520,527,525,519,508,500,500,498,498,507,515,519,518,517,525,531,532,520,514,516,521,526,521,512,508,511,514,518,519,505,497,501,504,505,517,523,516,517,526,527,522,520,518,526,536,540,540,533,524,524,535,533,516,508,523,531,518,502,490,491,497,496,492,489,487,490,500,504,498,494,505,517,523,516,499,469,456,516,649,785,873,889,815,668,493,344,264,253,266,287,318,347,369,403,433,443,456,479,501,519,529,537,538,532,540,559,562,551,551,568,572,558,548,543,543,536,526,532,543,537,537,538,531,525,531,543,557,556,541,531,541,545,531,517,516,526,531,527,522,519,518,520,513,504,503,510,510,510,513,508,495,485,479,481,487,490,494,491,476,475,503,519,524,526,515,496,486,489,497,511,513,504,506,519,520,516,520,527,533,541,545,540,517,501,496,487,487,500,519,524,523,531,532,529,518,508,509,523,532,528,523,518,519,512,504,507,512,516,517,508,501,509,520,529,524,514,509,521,539,537,518,499,501,509,516,524,529,527,526,519,513,519,524,514,507,500,498,499,505,522,535,550,557,545,531,521,519,527,534,535,520,504,495,485,476,471,474,487,499,497,500,515,521,511,501,492,477,469,473,513,604,721,834,908,892,772,595,422,292,231,216,238,288,339,367,373,391,424,461,481,489,509,530,529,524,523,529,543,561,571,560,548,538,536,542,551,563,574,573,556,542,543,546,547,539,533,531,534,538,536,522,520,523,518,520,529,533,529,531,532,530,531,527,527,519,509,496,490,490,490,489,499,510,516,518,516,524,525,515,500,496,492,487,483,482,484,491,502,509,502,494,513,531,524,516,513,518,523,522,523,508,492,493,511,524,529,527,525,516,514,526,540,537,529,520,510,507,511,509,506,505,511,515,517,519,511,501,501,514,526,524,518,514,510,517,521,514,513,526,526,517,519,527,534,524,505,499,512,521,524,518,510,508,508,515,521,520,511,508,519,531,542,543,539,532,529,526,521,518,517,519,515,507,489,476,476,481,477,474,481,495,504,515,528,530,520,494,472,464,475,521,613,736,848,908,884,749,546,359,255,228,235,258,296,335,362,395,436,459,477,504,515,504,494,508,529,538,541,549,546,535,532,547,550,550,561,564,554,546,545,543,544,539,532,530,533,528,529,540,544,547,547,548,543,536,529,526,524,526,530,531,532,525,518,520,526,540,547,539,520,504,487,486,487,483,487,501,505,495,486,484,489,499,503,494,489,493,488,481,494,510,520,525,527,529,527,507,489,487,496,507,525,530,521,519,527,524,517,522,540,549,531,510,506,508,506,508,518,530,531,521,521,514,513,526,535,531,524,518,513,501,497,500,504,504,497,490,493,501,518,524,528,530,524,514,515,524,532,529,527,529,530,526,524,520,509,500,502,512,524,530,526,523,529,532,542,545,531,513,507,508,516,511,496,476,469,473,477,477,489,505,519,515,498,501,515,531,533,517,492,468,461,470,527,636,770,885,924,859,696,506,353,254,220,236,279,322,356,376,391,414,440,469,494,512,518,522,536,546,543,549,557,550,530,516,514,536,556,561,553,545,550,551,551,548,537,536,543,540,538,537,539,538,527,526,531,536,547,543,540,536,528,528,531,527,520,513,514,520,506,493,497,496,488,493,505,515,516,509,499,486,474,475,492,504,505,502,500,510,519,510,501,498,496,499,512,522,533,540,533,520,505,499,499,500,505,510,515,516,508,502,509,521,524,523,535,538,539,526,514,512,513,515,518,518,523,524,521,516,510,510,516,514,506,507,516,518,520,525,527,523,513,519,526,524,521,512,500,499,509,516,513,509,517,524,517,505,511,519,523,519,514,511,521,537,541,543,550,537,513,509,510,515,521,511,495,480,473,477,489,502,509,511,510,503,496,496,505,516,509,503,495,483,486,504,561,673,802,903,916,821,637,438,290,223,220,251,292,332,369,390,412,425,448,487,516,513,495,496,504,516,536,553,556,560,563,558,553,545,538,553,570,565,539,524,515,525,550,569,569,555,538,530,525,521,524,534,532,531,532,530,526,526,522,510,500,507,518,518,520,527,516,506,511,521,515,509,510,510,517,518,506,489,482,480,480,478,482,494,504,503,494,490,502,524,520,505,503,515,524,524,520,514,505,505,521,540,541,534,530,532,526,523,519,508,499,504,511,516,524,536,537,540,538,522,510,510,519,518,515,511,505,493,487,495,511,518,512,510,507,510,522,528,521,508,503,509,522,528,521,511,510,515,516,506,504,515,527,536,532,526,520,519,527,526,513,513,524,526,519,518,523,520,520,521,511,507,510,504,499,499,493,486,482,480,490,503,512,527,531,521,505,503,495,473,474,510,586,692,799,871,866,757,582,422,313,262,242,249,286,331,380,412,433,447,455,475,504,523,532,535,524,516,529,533,531,528,526,543,564,573,557,538,536,543,549,552,541,541,545,548,555,557,556,543,536,537,524,508,508,519,529,534,535,541,543,536,529,525,515,504,510,534,540,517,499,493,500,508,502,487,477,486,504,508,495,486,496,511,516,512,505,505,507,500,473,460,471,488,502,518,526,515,516,536,541,534,531,531,527,520,515,513,511,510,520,527,517,499,496,507,519,526,532,536,529,526,511,495,492,490,494,511,518,521,519,519,518,515,514,526,535,536,523,514,509,509,513,517,521,527,531,534,528,524,527,518,506,495,483,491,498,493,501,520,533,543,545,542,534,528,542,554,546,527,521,512,503,495,487,479,482,492,492,486,487,499,518,520,502,492,499,507,515,510,496,484,516,605,711,809,857,825,713,540,382,286,258,278,315,337,351,373,399,416,440,467,480,483,492,515,530,531,532,548,563,564,566,551,542,546,548,546,547,551,550,536,517,520,537,545,549,550,556,555,544,537,542,537,517,507,521,527,528,524,527,541,561,557,526,500,496,507,511,508,508,496,483,484,498,503,502,505,515,517,507,492,486,489,499,502,498,502,508,501,487,483,494,506,506,510,512,516,533,548,540,524,512,511,520,534,540,535,518,505,508,521,532,533,521,508,498,506,520,523,528,522,509,497,496,500,504,504,504,505,506,512,524,529,527,523,520,531,533,529,524,518,520,514,509,506,495,494,512,527,537,532,522,523,534,539,540,528,506,492,491,496,490,484,489,501,509,520,536,547,558,550,535,525,519,504,500,504,508,508,502,499,500,505,509,510,507,503,501,505,506,508,510,511,513,508,492,478,477,525,614,719,817,875,847,718,547,399,295,241,240,268,304,344,374,404,433,451,463,469,480,497,511,524,535,542,545,547,545,536,535,546,557,556,552,552,557,551,536,526,527,537,540,534,534,546,563,569,551,528,519,526,532,529,526,519,521,536,545,543,535,519,511,518,529,528,521,520,513,496,489,490,489,491,494,505,511,501,491,498,509,505,493,487,488,484,483,501,516,508,500,504,507,507,507,499,502,522,530,533,531,522,516,525,534,539,536,527,522,514,507,507,517,528,537,539,527,505,488,486,501,517,527,524,511,508,513,515,513,508,497,505,524,527,520,514,520,528,536,538,527,514,504,495,496,505,516,518,518,518,512,513,527,534,529,526,527,527,530,527,524,518,500,494,489,487,497,518,536,540,540,537,531,529,527,518,514,515,505,496,491,481,463,455,463,484,508,533,540,526,509,502,513,523,512,496,480,481,536,644,777,881,911,847,692,504,348,259,226,240,270,312,345,382,417,438,442,449,469,490,512,529,527,524,527,526,524,522,537,558,562,555,552,554,562,565,559,557,558,542,524,522,531,542,540,536,534,532,527,535,546,546,538,528,527,513,503,508,513,518,515,512,510,509,508,509,510,515,518,505,501,508,502,485,478,495,515,514,512,505,489,483,487,494,505,512,512,509,504,507,512,521,527,527,531,532,534,527,505,499,504,521,535,531,522,511,515,518,516,501,481,490,518,537,538,524,513,514,526,539,543,528,501,483,483,497,515,536,547,544,520,496,497,508,521,520,513,505,497,493,507,524,529,529,523,517,516,510,505,506,516,529,537,533,532,536,542,527,520,512,508,517,525,517,504,512,519,516,524,540,540,530,520,521,533,531,519,508,487,468,457,467,489,495,483,485,499,508,513,518,520,522,521,506,484,487,525,609,723,839,911,880,732,526,349,242,209,222,248,285,342,384,407,435,453,460,486,510,508,500,508,519,527,536,558,575,581,568,552,540,538,546,555,556,551,547,548,549,551,540,522,525,539,547,556,549,540,540,541,537,531,524,526,536,537,534,527,521,519,511,506,506,500,496,501,519,535,544,536,515,494,484,486,496,503,482,468,482,496,492,481,492,508,516,513,507,505,509,508,513,514,504,504,516,516,504,497,501,514,527,523,515,522,516,501,507,522,536,539,526,511,502,501,510,523,525,523,517,508,510,518,526,533,528,520,508,504,510,519,517,511,512,511,516,522,515,521,532,531,519,506,499,494,497,507,519,522,520,526,539,540,524,516,518,516,509,505,507,518,524,520,511,509,516,527,543,551,546,531,513,510,525,536,526,503,481,479,489,501,495,486,484,499,505,502,504,509,502,496,499,508,507,495,474,481,541,660,810,913,927,831,658,463,308,232,229,265,299,325,352,376,402,425,448,470,483,491,496,507,514,526,547,556,553,555,562,558,551,549,547,540,530,540,552,550,545,543,546,540,529,542,560,560,545,526,521,531,538,545,541,530,528,527,523,531,538,533,531,520,505,505,502,504,509,501,488,493,504,515,518,514,501,490,489,473,463,480,501,505,503,501,504,511,513,507,496,490,490,500,519,527,520,517,529,539,536,524,519,518,514,513,520,527,523,519,522,527,521,510,511,512,512,504,495,500,513,521,522,515,516,524,523,515,499,492,503,516,525,533,533,524,518,522,524,528,520,505,510,516,516,520,528,525,511,499,501,515,532,542,534,515,513,522,524,511,500,504,515,514,513,515,531,547,547,521,508,515,518,517,523,523,509,501,494,491,496,508,513,504,484,478,483,483,484,488,496,505,514,517,512,499,482,495,558,668,800,910,922,824,649,462,318,241,217,233,269,309,352,385,405,422,447,474,507,529,536,527,524,527,523,532,547,551,543,541,547,550,544,542,537,531,542,551,551,552,557,560,550,542,536,543,552,552,545,531,526,519,511,512,525,527,519,513,519,527,527,524,526,524,518,516,518,518,512,511,501,490,492,503,501,489,480,487,489,486,486,490,491,492,501,504,505,496,492,506,526,534,526,522,518,510,507,512,527,533,526,520,526,535,536,524,520,523,525,524,519,524,526,512,502,510,517,508,500,503,513,520,524,520,515,512,513,517,513,509,514,517,513,515,520,510,502,505,517,521,511,510,518,524,522,520,531,523,514,515,514,503,499,512,520,523,516,518,537,536,519,510,508,502,504,521,540,550,549,542,529,519,516,519,519,512,503,489,476,463,462,480,501,501,494,483,477,481,493,515,527,521,498,472,468,501,578,696,822,915,925,827,652,468,319,227,199,224,279,325,360,388,414,441,462,470,482,504,524,529,527,524,523,525,531,535,539,554,563,566,558,551,558,562,548,529,528,539,549,551,546,547,546,537,534,541,550,545,529,513,515,516,510,515,522,523,526,539,550,550,540,526,515,507,504,505,505,500,497,490,483,485,489,488,485,490,494,501,507,500,487,486,486,484,479,482,498,525,539,532,528,528,532,534,536,532,534,533,526,506,487,489,511,529,526,525,534,534,528,531,531,516,493,492,501,505,507,512,522,536,536,520,509,515,522,530,530,520,505,498,503,512,518,512,504,500,494,494,508,521,528,524,515,511,514,521,526,521,522,529,539,532,513,506,512,520,525,531,529,518,514,521,539,551,541,522,516,520,505,498,504,506,490,463,457,472,493,504,511,513,513,515,514,503,504,504,491,477,486,547,667,801,891,894,792,618,433,298,234,240,267,297,326,356,375,398,430,465,494,508,519,526,527,540,551,558,555,538,533,526,524,550,571,564,547,543,545,539,536,531,532,531,527,531,539,544,547,555,564,551,527,511,514,526,538,548,540,531,522,512,511,530,534,532,535,526,497,480,487,497,502,494,486,496,513,511,495,483,488,503,509,508,504,500,496,487,487,492,492,497,515,534,541,538,531,524,520,520,511,508,506,496,495,508,515,515,516,526,536,536,531,527,521,513,505,500,505,511,527,531,527,524,523,518,515,510,509,513,520,524,515,508,509,504,487,483,502,525,535,542,544,533,520,524,534,527,508,494,496,506,515,513,507,503,508,518,526,534,532,523,521,528,526,522,524,532,541,539,526,513,520,526,512,487,465,468,486,499,497,497,517
