399,399,428,481,496,458,460,500,523,527,526,524,533,524,512,531,530,497,483,472,489,527,531,504,465,437,422,417,436,465,498,468,409,367,365,405,446,456,459,454,456,460,467,507,542,539,495,467,457,474,470,457,452,475,523,519,480,450,466,504,533,556,552,564,565,535,536,528,519,515,524,539,528,501,443,338,197,33,0,12,215,523,783,910,947,943,905,834,760,702,660,621,597,579,553,524,532,529,505,476,449,448,463,471,454,435,443,469,504,504,445,396,395,425,445,438,413,403,414,455,482,483,466,459,497,527,521,508,527,554,587,620,641,642,603,572,576,583,591,569,543,521,488,459,444,478,536,562,547,527,498,484,480,486,508,509,505,509,510,478,455,478,508,531,525,496,476,481,475,480,500,515,515,513,517,537,543,482,433,440,460,491,530,546,560,585,603,602,595,586,562,564,601,595,558,548,551,517,440,303,141,0,0,66,298,602,834,927,923,887,820,756,729,723,715,679,585,516,514,523,499,480,487,497,519,529,479,425,426,462,453,421,410,419,444,452,455,435,417,407,429,464,462,425,428,484,531,546,555,542,516,503,513,522,541,576,622,630,615,575,544,576,620,617,582,555,527,489,481,511,538,553,574,571,539,513,512,495,500,526,496,467,472,495,521,526,492,462,478,502,499,494,510,539,529,509,506,497,485,477,468,464,473,501,497,486,491,510,518,517,537,566,594,600,611,608,588,558,514,503,515,506,468,382,234,48,0,0,156,478,769,939,987,951,868,791,769,742,672,620,597,582,562,536,504,508,529,515,487,456,446,454,461,448,442,449,455,460,462,456,454,455,462,466,462,429,403,423,481,523,525,489,460,468,499,545,586,579,562,572,593,609,611,597,577,563,556,551,549,577,595,557,516,511,527,547,523,482,480,492,475,453,476,522,552,549,527,519,514,512,508,485,476,489,477,460,474,512,531,517,496,495,484,475,504,527,503,465,449,436,449,501,543,568,571,574,591,592,579,553,546,544,541,527,509,513,554,546,401,180,7,0,12,216,542,818,991,1023,960,863,759,691,638,598,598,601,591,566,573,559,514,451,420,420,460,504,489,465,467,476,463,448,459,465,456,441,424,408,406,439,480,483,480,487,493,502,513,511,515,517,536,580,629,636,623,617,605,574,578,592,599,616,632,612,562,525,523,543,520,484,494,530,548,529,512,505,498,484,468,470,469,457,450,444,434,453,511,559,556,536,528,525,490,480,497,503,510,511,475,458,484,510,511,491,471,480,524,568,564,557,572,602,608,592,583,565,544,521,511,512,510,459,322,140,0,0,99,377,665,855,931,936,911,823,713,634,596,612,629,613,579,560,551,527,488,463,466,475,476,476,457,453,453,446,438,449,461,466,467,450,432,428,444,467,482,471,459,459,476,496,492,476,499,540,569,575,570,570,593,620,642,643,625,585,548,540,569,587,583,569,548,534,531,529,505,495,499,506,524,530,525,510,482,480,495,507,501,492,506,502,498,507,519,504,455,441,466,488,505,513,498,498,509,524,501,449,436,474,514,556,569,568,569,599,598,579,574,538,515,519,530,554,560,490,329,141,0,0,81,339,633,840,921,918,894,865,803,740,706,684,645,598,567,567,558,506,461,475,486,455,430,448,475,488,507,513,470,420,395,398,401,423,467,481,458,447,442,446,457,478,501,507,502,489,487,504,516,562,623,642,609,575,566,587,617,638,636,572,518,531,563,590,583,543,529,527,526,515,494,487,484,483,499,513,492,470,462,470,480,486,482,498,525,543,531,512,496,503,515,525,502,496,497,483,454,448,480,508,493,454,450,496,556,611,616,591,596,604,593,544,506,497,526,549,538,469,339,180,19,0,52,273,527,739,873,929,924,883,816,743,715,698,666,625,553,482,477,529,551,520,467,440,439,451,466,497,500,468,430,435,456,484,489,465,450,464,477,460,435,437,444,446,459,475,524,578,588,542,502,518,536,552,598,627,635,620,596,567,515,512,557,582,591,574,553,538,531,543,536,494,467,466,480,492,504,527,536,527,520,510,476,464,473,492,502,492,492,493,510,513,496,508,532,525,502,496,505,513,501,484,484,474,468,497,535,536,547,569,591,605,601,598,576,559,551,547,554,559,532,481,370,179,0,0,39,282,575,802,928,954,903,835,784,739,675,650,635,616,585,527,492,498,517,527,484,425,429,447,442,442,465,452,445,476,481,460,432,403,411,437,454,464,474,456,438,469,499,496,487,528,542,539,547,574,605,623,633,624,606,600,595,587,564,556,575,591,585,575,575,560,525,494,489,502,508,511,523,533,507,465,464,464,462,477,472,454,480,496,504,546,551,515,487,504,504,478,452,473,520,542,515,475,467,474,457,455,465,491,537,564,580,591,602,599,569,540,536,539,532,526,502,487,450,323,160,26,0,118,372,673,884,975,982,937,844,748,694,678,664,640,580,534,505,485,491,493,478,472,483,453,420,451,510,516,479,444,427,424,414,428,472,499,491,453,408,390,409,456,492,514,524,530,529,541,568,575,566,560,553,563,586,596,612,622,619,593,576,569,560,540,547,551,535,516,486,508,543,531,516,522,514,494,480,487,500,477,428,423,491,566,547,481,454,457,495,522,512,512,525,542,554,544,496,450,448,461,464,446,455,494,522,534,558,560,562,592,608,579,527,510,548,568,557,530,508,503,439,263,46,0,33,240,567,849,966,939,887,850,802,730,676,661,655,586,531,510,526,535,504,496,499,510,486,432,415,421,425,449,486,489,446,415,442,477,492,483,470,454,447,450,444,442,454,464,469,494,547,581,568,582,626,639,624,591,608,629,594,557,551,579,604,608,601,577,522,483,496,521,530,499,497,514,504,502,511,491,478,492,522,519,475,470,508,510,482,488,490,473,488,502,502,515,508,508,520,535,513,457,430,423,438,472,512,537,542,562,602,616,583,536,524,552,560,557,578,586,566,532,502,430,244,25,0,0,166,437,695,866,944,933,870,814,759,716,699,685,653,588,508,487,515,546,531,511,487,466,459,457,454,455,453,448,455,462,457,446,424,404,408,419,459,496,498,492,504,508,484,476,499,518,519,536,547,564,583,618,644,619,593,582,562,547,557,569,577,554,540,551,583,561,516,501,500,495,490,480,474,486,502,511,511,516,527,510,470,463,488,496,499,501,502,503,516,492,484,523,527,490,471,481,496,487,488,484,473,479,520,551,550,537,543,546,565,586,582,561,572,600,574,531,510,499,490,450,334,125,0,0,84,404,719,878,936,935,889,839,785,713,671,644,596,573,591,591,522,451,448,476,498,486,480,497,489,473,440,416,403,409,441,463,475,464,443,449,462,472,466,434,423,436,458,468,477,511,551,583,595,589,569,579,599,600,581,568,573,600,611,601,579,552,552,551,549,519,476,471,510,517,501,505,499,489,496,516,539,535,489,457,448,478,513,517,499,493,515,533,527,518,512,508,499,488,497,501,505,513,516,493,463,458,459,465,492,549,614,633,611,575,543,531,531,526,522,540,550,542,547,510,373,135,0,0,49,329,666,906,975,946,901,864,807,713,643,611,593,602,595,552,513,510,513,497,471,436,422,432,444,428,401,448,499,483,436,460,499,488,466,464,472,451,406,398,439,477,483,491,520,569,591,566,540,546,570,559,555,578,598,604,611,625,627,618,579,542,531,534,535,513,504,526,532,508,486,496,530,506,476,483,479,467,479,484,469,469,482,508,538,556,550,529,527,532,516,493,464,445,460,478,486,481,489,493,498,499,494,511,543,539,548,572,569,572,584,570,545,517,505,503,514,547,553,513,385,160,0,0,40,287,590,827,951,984,960,900,845,771,668,585,574,582,560,502,460,477,509,523,500,492,496,482,464,462,460,438,419,411,415,437,476,506,502,479,453,455,475,475,465,462,464,483,526,560,533,487,481,529,592,610,617,600,582,598,618,641,633,610,600,573,542,531,528,521,510,514,519,521,528,524,507,494,504,506,492,484,493,478,456,456,467,510,538,519,497,478,478,492,506,524,537,518,500,477,449,444,463,501,523,513,486,498,533,578,606,588,577,585,566,544,515,505,523,543,562,545,476,323,118,0,0,39,294,606,828,927,946,914,871,822,780,737,659,574,549,560,575,559,521,487,470,467,477,491,492,492,496,468,449,454,437,418,428,467,475,440,423,419,414,441,485,494,481,481,478,471,482,530,558,548,558,593,615,608,636,659,614,560,582,621,575,519,509,536,544,530,521,525,543,537,546,550,526,484,452,448,464,461,468,490,499,516,524,531,535,513,476,460,478,503,539,552,512,482,496,513,492,473,486,483,458,450,475,512,541,556,545,572,610,600,575,554,540,530,524,540,565,579,563,519,436,262,53,0,0,127,408,696,887,967,953,887,809,755,724,690,644,608,595,592,573,545,528,522,485,454,454,454,459,476,485,483,477,455,443,448,454,463,470,448,429,434,465,484,470,457,444,433,457,511,540,551,552,542,557,575,560,564,611,637,630,608,585,560,561,546,540,545,497,480,534,558,523,508,504,500,496,513,524,497,493,500,497,492,494,520,522,480,481,514,511,482,487,513,537,526,504,492,489,483,476,483,482,480,485,468,454,477,504,520,548,595,620,573,520,507,514,541,584,595,564,527,518,494,425,289,89,0,0,115,458,769,897,939,938,878,808,754,703,668,651,611,576,566,568,551,522,490,482,482,463,446,462,496,506,476,453,427,415,423,458,480,459,432,440,459,449,435,453,487,502,525,533,499,462,481,529,571,604,620,615,603,597,618,650,641,601,582,588,575,542,511,496,513,555,591,547,501,468,483,499,483,472,474,492,518,540,539,510,469,449,424,396,394,412,455,502,544,587,593,533,501,507,536,576,547,474,444,432,423,432,444,469,536,631,674,663,615,549,511,528,558,575,570,520,480,526,543,426,215,16,0,76,307,586,814,921,951,920,831,745,679,637,634,643,599,542,519,517,553,570,533,469,406,388,401,430,484,517,506,476,469,483,485,470,437,417,420,432,440,477,522,523,458,412,425,467,508,519,518,504,542,600,632,623,605,596,615,612,581,563,551,560,586,591,574,542,510,509,543,563,536,506,493,501,521,537,518,457,431,456,490,515,529,526,519,502,497,500,490,483,488,482,480,518,549,543,499,466,478,464,443,448,481,519,537,558,579,589,557,502,501,550,583,579,571,591,591,556,518,467,373,229,78,0,17,195,467,736,881,894,909,915,878,825,765,677,582,531,529,551,558,534,513,503,496,482,459,434,421,450,488,483,467,460,463,453,435,436,440,440,445,463,470,444,463,486,491,480,495,522,525,511,497,523,595,647,644,620,613,605,597,590,590,566,520,500,513,551,572,537,515,539,565,566,533,505,515,518,493,480,463,451,465,475,487,522,550,545,519,491,474,467,469,489,524,543,534,521,516,506,495,486,468,461,463,464,483,516,536,531,523,545,591,591,563,537,515,527,549,568,583,580,568,540,477,340,134,0,0,38,287,592,824,927,941,932,881,789,716,674,643,600,568,575,572,536,500,508,509,489,469,459,475,478,457,450,441,428,432,465,480,462,449,435,422,443,457,459,448,446,500,549,533,510,501,489,497,526,551,566,568,560,578,644,671,646,608,593,578,574,548,511,494,511,538,544,545,551,541,514,497,483,502,510,496,483,467,457,459,485,519,514,486,488,499,500,504,508,524,543,531,492,463,472,531,558,521,483,467,478,496,504,493,476,465,463,480,500,515,540,566,593,614,601,561,540,558,595,584,543,544,560,538,482,387,233,20,0,0,184,529,812,947,944,886,855,844,809,746,671,606,559,541,547,549,540,511,472,456,485,489,463,446,450,437,436,456,462,454,440,455,470,453,459,476,460,451,465,465,473,484,481,483,486,509,556,581,570,557,551,563,592,600,620,624,630,626,597,551,521,503,505,528,556,582,602,603,547,484,430,417,467,508,519,520,518,513,511,490,469,463,448,436,463,508,547,552,504,471,474,495,519,521,521,525,515,499,508,485,456,460,487,532,542,497,481,524,604,633,610,572,556,564,559,543,521,501,510,519,519,470,331,143,0,0,102,409,694,859,940,968,939,866,771,695,633,609,620,594,546,506,481,495,510,500,489,499,506,494,462,426,408,414,437,480,506,481,435,408,423,451,482,495,473,455,448,446,466,483,470,474,524,578,588,582,568,584,604,600,608,625,630,610,597,593,570,572,568,551,528,512,508,499,505,508,517,534,527,506,487,490,502,499,476,455,460,485,513,518,489,487,510,524,515,510,520,526,512,507,505,487,473,499,532,505,448,440,463,488,504,524,541,543,536,531,549,574,579,572,578,587,583,542,494,487,494,483,409,252,82,0,14,198,492,777,940,971,934,887,845,771,678,619,615,591,539,518,530,546,543,521,499,476,443,453,476,444,399,397,429,454,472,494,507,486,454,447,478,483,445,421,430,440,438,457,504,544,554,555,560,581,598,598,580,584,602,609,611,608,607,594,593,600,583,543,526,536,530,510,518,531,519,509,480,460,472,487,508,523,515,499,480,471,473,477,477,483,476,468,491,504,503,535,553,524,501,510,499,476,441,420,446,489,502,503,511,517,530,556,559,557,591,608,614,590,533,502,523,565,575,543,520,524,507,418,257,57,0,0,186,507,764,886,921,954,919,830,736,684,670,649,601,545,518,510,515,513,521,515,493,480,483,483,456,433,452,484,468,425,393,406,454,473,453,445,461,463,452,445,461,475,479,507,535,546,527,521,536,560,578,575,589,613,625,641,633,588,554,556,586,590,553,524,506,513,531,515,481,483,510,533,534,511,487,479,490,473,471,501,529,526,503,468,473,491,483,480,497,526,540,537,522,524,543,533,494,466,469,486,512,522,482,438,441,483,538,553,551,563,577,577,566,547,540,565,592,575,527,507,531,547,472,287,74,0,0,109,396,726,926,961,921,871,834,811,752,667,608,621,620,568,511,482,481,515,520,472,445,467,476,451,455,467,455,454,448,447,445,435,423,391,385,455,517,507,463,453,457,455,455,478,500,520,551,583,583,566,583,615,646,664,654,612,579,569,553,533,551,578,559,519,511,536,522,492,508,558,561,513,472,451,468,506,502,488,491,509,522,525,499,467,472,501,516,505,494,500,490,466,465,492,520,541,549,518,520,517,465,444,446,446,467,506,533,524,538,566,600,636,633,591,580,569,541,523,507,507,547,553,441,257,66,0,0,134,433,737,926,942,908,904,863,797,732,683,626,574,543,540,550,524,470,451,476,502,502,480,441,417,416,423,437,458,484,494,481,450,440,444,453,469,463,466,455,433,435,465,507,525,536,544,551,563,558,568,588,612,629,610,579,582,622,648,620,557,521,530,547,556,527,516,541,574,550,491,475,452,429,439,469,513,537,531,511,502,494,470,473,491,491,477,489,539,560,527,463,472,531,534,508,527,536,488,464,470,481,497,497,489,476,468,489,517,516,524,571,611,615,596,582,584,581,556,529,507,499,486,443,350,197,22,0,47,285,614,864,965,985,954,875,770,689,663,668,661,624,562,513,505,524,524,481,455,453,463,460,424,440,472,471,467,459,427,413,433,474,476,448,436,441,457,485,497,487,490,505,516,507,487,496,555,596,596,596,605,599,594,598,584,569,569,599,609,599,590,580,568,548,518,495,502,514,508,483,460,450,462,504,529,518,494,470,460,460,457,478,515,530,510,481,470,495,525,540,537,515,520,508,482,459,480,505,531,532,495,460,453,474,511,527,540,560,595,607,588,563,540,543,580,590,559,551,540,480,364,185,3,0,11,206,511,780,918,953,944,925,871,779,695,644,620,603,578,552,526,507,499,497,491,473,447,446,464,489,478,476,475,452,439,423,385,394,439,469,489,489,485,483,467,432,428,460,479,476,492,547,589,596,593,599,605,620,608,584,568,566,590,600,586,571,575,572,532,487,480,522,555,549,524,529,512,478,458,476,527,554,531,498,489,495,477,435,420,462,523,538,523,527,526,513,500,485,472,473,489,489,465,476,505,529,547,544,506,481,510,537,546,560,596,609,590,563,533,527,551,551,518,484,456,393,263,66,0,0,170,505,793,937,984,958,876,815,771,739,696,623,562,545,561,551,530,523,509,463,433,466,508,510,459,429,434,433,434,432,438,438,444,459,470,462,448,441,455,486,502,500,499,485,476,482,527,561,558,560,577,583,603,621,615,617,593,545,519,550,596,609,586,548,529,526,526,498,480,505,519,509,496,501,501,503,510,508,493,488,493,489,480,457,473,506,508,502,494,501,529,527,505,507,502,491,480,456,450,473,509,518,509,479,482,535,582,583,577,580,580,580,570,564,553,541,543,543,527,505,423,256,48,0,0,138,446,720,870,935,941,924,877,819,758,695,651,621,595,550,494,468,472,493,497,486,479,467,474,487,486,448,420,413,425,454,452,444,466,478,461,453,434,413,420,459,493,504,482,473,495,527,568,598,605,576,557,567,588,611,620,625,645,627,577,554,543,542,536,521,513,535,571,567,523,495,481,500,501,467,445,448,463,510,531,512,524,538,508,486,471,461,472,506,510,488,487,523,548,543,516,487,484,485,472,465,492,516,514,506,499,511,559,604,606,584,575,592,579,546,539,558,551,523,501,415,297,167,19,0,31,278,638,900,990,970,897,841,792,738,667,611,580,578,591,589,543,478,455,470,480,492,489,457,446,427,422,460,482,453,429,416,428,455,473,479,465,448,426,443,499,524,489,461,487,500,482,505,549,557,561,611,653,655,652,649,630,591,558,540,542,553,570,567,558,568,571,558,536,502,479,474,496,493,456,460,509,540,530,489,442,451,481,469,458,482,521,540,550,543,548,552,523,462,432,464,490,504,510,487,460,458,470,508,552,555,541,549,577,567,559,566,572,567,545,521,511,514,517,518,450,273,89,0,20,189,454,723,897,964,961,911,836,733,669,642,615,593,569,533,522,548,556,519,461,423,439,465,471,465,459,450,468,484,462,460,462,473,472,470,466,456,448,457,473,465,455,460,471,486,503,541,570,583,575,589,623,629,595,577,594,608,606,589,573,581,591,562,519,492,487,508,538,539,531,524,506,485,463,466,468,459,469,515,551,543,511,476,450,455,490,513,545,556,532,498,496,489,459,453,467,494,525,519,494,455,433,485,562,599,608,583,538,536,549,569,566,544,539,569,574,535,492,440,329,167,6,0,69,271,529,758,888,951,954,924,875,807,717,641,603,604,620,578,507,471,480,504,487,486,491,466,439,444,467,476,463,441,435,415,412,432,442,448,476,491,464,444,448,470,479,487,513,527,529,542,555,555,568,602,625,601,584,606,628,600,568,557,561,581,591,572,514,469,479,511,537,539,540,541,526,507,487,471,472,473,476,502,521,494,475,466,465,489,523,543,530,500,491,507,533,519,482,473,466,467,481,492,498,480,472,486,511,543,588,616,594,551,535,553,583,603,591,560,523,501,493,432,291,106,0,0,92,346,618,806,911,957,958,899,829,754,673,631,609,589,574,576,579,559,503,452,448,473,493,474,432,408,432,486,505,479,427,394,413,457,459,415,392,417,470,505,506,474,461,505,546,561,544,536,542,538,520,548,625,673,679,632,585,557,560,575,575,570,561,535,516,500,503,531,558,558,558,539,499,463,444,433,465,514,534,536,499,461,447,455,491,515,512,503,503,527,543,528,497,481,481,501,517,496,492,508,510,468,430,444,492,540,582,603,587,577,591,583,561,537,519,501,500,537,563,553,489,358,165,0,0,48,255,548,812,955,997,972,889,799,718,681,667,634,614,608,563,492,457,444,448,475,505,510,485,440,432,448,451,463,454,454,439,425,443,462,463,448,441,444,448,440,446,485,514,540,559,563,561,565,577,565,555,555,569,601,624,644,655,611,577,568,573,564,558,541,513,517,511,481,482,511,519,509,484,472,457,432,460,511,532,533,521,516,507,490,471,466,502,538,534,496,471,488,508,513,488,458,461,488,509,519,523,508,501,505,524,551,579,577,556,556,555,550,539,530,519,517,549,571,533,454,311,118,0,0,96,414,732,924,977,942,876,805,760,711,656,612,571,520,502,531,532,521,518,518,512,489,479,457,432,433,475,509,515,492,441,409,412,433,451,454,451,442,440,463,480,482,479,490,497,499,505,528,557,566,581,634,648,643,648,636,608,586,578,556,534,533,551,542,522,530,554,543,542,546,534,500,486,499,484,456,433,420,440,469,500,519,542,553,527,512,492,460,451,463,505,525,533,543,542,508,455,439,458,467,460,467,502,528,548,575,593,595,594,576,560,589,583,523,490,499,518,539,545,515,401,225,36,0,8,216,532,787,896,920,906,871,817,765,729,689,638,601,578,551,521,516,524,514,467,440,467,482,468,470,467,460,473,483,461,422,414,444,458,459,446,436,438,461,484,477,464,479,506,518,528,543,546,554,569,590,592,606,652,663,626,590,567,551,524,513,539,559,553,536,531,527,512,511,537,538,508,499,502,479,461,466,489,505,513,515,522,523,492,468,442,425,444,488,537,556,540,539,570,580,525,451,434,448,477,469,430,440,510,540,531,542,563,585,639,666,591,523,519,550,564,544,520,503,495,455,307,96,0,0,82,359,679,905,962,940,922,886,820,737,655,608,593,575,547,540,543,523,508,514,519,492,451,432,435,448,449,457,462,448,429,438,458,478,460,423,423,448,436,439,485,519,494,478,499,516,532,535,540,559,575,597,609,627,645,624,593,596,600,577,524,484,505,551,583,560,523,513,519,538,572,574,533,491,462,472,486,493,475,468,484,482,475,478,481,494,503,505,508,519,527,532,532,508,496,481,465,472,515,533,518,476,430,437,494,541,547,532,530,538,528,524,549,547,531,547,562,552,529,516,522,514,409,217,33,0,26,224,555,830,960,952,911,882,844,772,697,643,615,576,559,574,575,543,476,441,473,508,486,453,459,453,440,432,444,481,496,471,436,427,444,440,433,439,452,467,486,491,483,492,522,544,543,527,526,515,532,588,630,664,660,646,630,594,582,584,586,579,552,539,538,547,518,517,542,543,526,496,475,482,470,463,471,485,511,526,513,485,470,457,456,483,502,480,460,495,527,531,536,532,517,495,464,452,454,461,453,464,502,515,499,497,515,545,575,567,554,570,574,566,557,547,551,550,549,547,505,400,245,81,0,10,188,515,818,973,984,906,812,769,745,711,669,622,591,557,519,499,496,490,478,489,518,527,498,459,455,438,412,405,417,430,432,429,453,488,494,492,489,468,451,447,469,484,491,504,497,478,487,535,591,651,648,599,556,581,644,661,632,596,602,602,560,542,528,527,553,581,562,521,489,504,526,516,534,527,457,413,465,521,518,510,501,498,485,473,481,483,496,534,559,572,551,495,460,454,476,497,501,480,455,444,474,504,513,521,516,535,574,587,593,591,553,544,554,561,540,515,499,467,419,311,137,0,14,170,406,669,854,921,923,887,832,756,708,684,659,609,572,560,547,533,505,462,438,477,531,530,461,403,413,471,472,480,525,522,454,427,442,462,456,425,399,414,469,504,474,468,504,532,550,564,561,564,555,557,591,619,605,588,581,586,579,579,587,585,574,563,545,543,526,501,507,513,513,516,492,470,487,511,540,560,549,516,460,435,422,415,395,423,485,528,541,531,527,561,598,609,582,519,464,437,434,452,442,403,403,435,483,522,543,597,663,688,640,561,527,518,515,513,533,546,532,548,560,504,353,135,0,0,41,293,630,869,959,961,896,822,803,803,745,654,599,585,545,503,472,467,505,527,518,512,549,543,466,401,367,368,392,446,475,493,509,496,467,448,437,422,419,440,464,467,448,457,501,563,610,598,561,537,544,568,595,615,617,622,614,590,572,556,524,511,514,512,519,531,563,583,571,560,520,461,415,409,441,498,536,550,548,560,558,513,454,428,452,502,512,494,491,518,553,549,510,480,461,467,499,520,513,519,512,500,488,488,471,453,460,467,491,554,611,639,650,628,595,575,551,533,513,492,472,460,451,377,207,4,0,80,335,631,852,945,952,909,832,779,730,700,700,678,616,546,528,513,475,451,459,506,528,536,532,508,465,401,376,404,453,467,447,436,440,440,444,452,448,451,453,463,473,478,463,468,511,560,595,599,577,557,538,542,565,598,627,657,657,625,583,532,500,518,538,527,538,582,605,563,505,461,453,486,527,553,550,513,469,419,408,441,479,509,528,540,536,529,519,492,446,430,471,504,498,496,504,519,525,532,546,534,495,453,454,493,545,549,522,497,494,536,579,604,600,603,596,567,538,527,515,489,442,342,195,43,0,20,233,548,830,987,993,917,841,772,709,670,641,632,636,615,574,523,459,432,450,461,473,489,488,480,469,460,466,472,449,464,494,505,476,412,390,410,441,501,538,531,499,459,457,478,495,516,538,540,557,604,637,605,556,571,620,614,574,560,563,572,575,574,551,524,537,539,519,499,486,494,506,518,527,518,489,458,443,470,502,518,515,503,494,508,511,488,468,461,479,506,523,528,525,516,490,474,480,474,436,432,470,515,536,543,542,563,604,629,608,540,509,550,566,556,571,569,554,509,455,341,163,0,0,85,360,662,849,898,908,896,866,826,759,670,588,551,551,551,541,534,512,488,480,487,502,496,483,484,481,456,429,435,450,457,453,424,420,464,501,479,443,432,448,433,436,487,542,558,542,533,532,532,543,566,617,657,664,626,591,583,596,594,575,547,531,539,523,519,538,539,516,484,470,499,537,566,570,537,470,438,437,435,446,472,511,535,529,524,551,561,528,497,474,461,484,524,543,508,460,444,475,494,482,485,496,486,497,544,578,585,601,593,614,622,566,513,497,480,455,472,508,496,388,195,48,14,100,335,622,819,898,895,866,828,807,783,729,672,595,541,534,575,579,554,526,484,444,441,463,487,463,429,428,453,468,458,453,475,508,498,450,434,435,417,412,427,452,474,491,498,491,497,544,573,571,568,602,624,609,593,588,579,575,571,551,593,658,639,560,502,497,487,494,530,557,556,519,480,455,481,500,499,498,475,447,441,465,527,565,534,507,492,488,508,501,495,487,475,481,522,547,531,485,435,432,474,497,506,508,507,519,550,574,585,619,605,563,534,511,482,487,512,524,508,492,453,335,174,22,0,124,401,708,903,963,934,905,871,792,704,634,616,629,647,637,582,535,484,439,430,460,499,497,476,472,475,460,430,414,435,454,443,433,453,492,507,482,451,431,422,431,462,493,526,536,519,500,502,527,547,582,604,608,604,605,604,604,619,622,581,535,546,549,528,524,540,539,529,513,503,495,486,501,515,513,505,503,489,502,504,477,460,487,516,515,480,463,491,506,501,496,513,526,510,495,493,482,487,499,467,457,485,512,532,555,565,548,534,538,543,556,569,595,596,577,538,496,505,520,472,322,135,0,0,99,371,668,874,955,967,926,835,743,681,669,659,617,568,543,553,538,492,456,472,471,464,475,492,506,501,452,430,460,468,441,422,432,440,452,476,479,492,494,467,464,473,488,502,510,491,487,518,564,579,584,578,575,598,608,624,636,619,573,542,521,509,535,558,551,523,513,537,528,502,498,490,496,500,511,507,491,479,468,473,516,555,565,517,453,439,455,495,527,537,541,538,529,503,473,463,464,487,512,512,501,504,519,496,470,481,516,566,595,591,598,590,575,562,543,527,531,534,516,448,344,215,61,0,33,249,567,819,919,935,926,886,807,739,708,655,591,560,572,577,570,536,484,434,453,513,530,494,443,427,446,444,429,431,435,437,445,480,497,483,449,422,424,435,462,508,529,515,488,491,547,579,543,527,551,583,620,652,661,656,613,580,587,595,583,576,579,559,536,532,525,497,493,491,504,507,477,496,537,524,488,476,456,451,460,451,453,501,538,550,545,527,515,510,492,483,484,487,478,454,436,458,506,515,511,502,501,521,538,540,537,553,580,591,581,556,540,530,522,534,559,550,484,355,184,39,0,61,292,582,815,935,967,918,805,729,696,678,652,634,612,580,547,535,526,496,470,463,469,487,480,471,460,457,465,478,479,457,451,450,454,441,425,429,451,436,439,468,489,506,504,501,521,549,550,551,559,565,593,620,615,611,624,646,637,592,563,555,577,573,531,511,517,546,557,530,492,465,464,488,498,481,472,480,480,461,470,506,523,513,507,500,481,480,487,476,484,496,506,504,501,506,531,542,505,470,467,485,497,517,547,572,610,646,597,504,486,529,546,542,537,521,509,499,467,343,143,0,0,115,400,716,925,975,940,880,811,746,711,679,656,622,595,555,510,487,478,492,509,511,502,471,458,462,465,446,451,478,490,485,475,457,425,384,377,427,487,517,517,496,496,509,499,484,477,486,515,563,575,557,563,596,636,645,630,584,547,523,503,531,555,541,515,527,540,529,511,518,520,509,555,596,615,624,570,485,427,419,413,415,419,353,196,28,0,76,302,561,756,881,932,942,911,861,817,772,699,624,574,539,512,498,500,514,502,489,506,495,458,432,415,428,452,447,425,428,435,432,425,428,436,428,403,423,455,500,553,549,493,478,501,549,585,594,588,567,585,635,643,615,586,568,588,574,533,531,522,512,507,495,505,521,516,504,526,552,558,534,503,483,505,530,514,451,436,455,483,531,551,540,523,502,470,463,479,499,524,531,520,531,555,546,532,511,493,503,525,530,490,444,447,496,546,568,572,561,504,469,487,510,521,510,514,548,572,571,550,510,492,487,471,457,467,494,519,526,524,512,527,538,518,508,492,486,528,588,598,585,564,560,590,602,591,569,521,448,401,341,254,126,10,41,238,504,750,912,960,943,891,826,766,719,679,649,622,595,563,517,491,502,489,488,526,527,479,431,419,425,446,448,459,470,440,411,415,443,464,473,452,445,454,437,430,453,487,522,543,547,516,481,466,508,562,575,561,577,604,628,645,639,623,603,586,587,572,542,525,534,551,540,519,521,535,517,487,450,435,464,511,515,502,520,547,506,463,463,500,527,509,494,497,511,516,502,488,464,444,446,469,486,511,545,560,554,563,563,553,533,540,563,563,547,540,514,504,511,458,351,195,28,0,69,349,664,865,944,944,888,825,788,748,713,689,614,553,508,468,458,478,488,502,553,610,564,458,376,352,358,372,399,430,454,496,543,538,518,501,496,468,422,396,393,426,485,524,542,541,557,590,635,657,628,591,573,568,582,601,579,550,571,614,611,548,493,482,509,534,532,529,516,488,470,456,466,510,530,513,499,486,479,483,486,500,521,535,535,521,495,486,513,518,488,469,487,508,513,498,462,476,513,536,531,525,519,510,508,536,572,563,548,545,544,540,537,546,558,528,464,362,201,35,0,79,313,633,891,992,962,869,784,731,680,643,636,627,591,551,504,481,496,520,550,558,509,455,428,415,417,425,450,469,487,515,502,459,415,380,385,430,491,534,512,462,432,448,498,533,555,575,553,526,526,513,518,548,591,635,681,704,676,613,564,546,515,515,544,564,585,588,568,512,449,434,433,450,484,515,548,571,562,525,458,418,431,484,534,554,547,525,508,494,480,475,475,483,469,472,499,477,448,449,488,534,561,575,584,610,612,575,560,557,528,506,513,549,577,559,480,352,167,0,0,40,275,568,793,927,957,929,882,818,752,707,644,600,579,554,534,516,500,469,458,476,497,487,471,487,494,467,451,465,481,477,453,395,397,451,487,470,437,431,436,446,459,484,525,560,560,533,511,530,575,609,598,592,610,626,628,627,600,568,558,563,564,546,518,505,503,507,508,519,534,536,526,496,485,499,517,527,510,472,450,447,473,511,484,428,430,499,574,618,613,545,450,379,372,419,463,492,520,542,552,554,545,543,540,534,511,507,530,547,580,617,623,611,579,519,491,486,419,273,107,0,0,110,401,710,913,957,908,842,831,834,787,692,596,543,559,589,580,531,467,442,471,494,510,509,502,487,471,446,440,460,479,470,429,408,415,424,435,476,515,510,452,399,419,479,530,523,513,524,544,560,547,522,569,643,662,632,618,606,599,571,530,513,502,514,546,583,590,555,528,534,531,507,491,486,466,462,493,507,489,484,519,534,512,487,488,505,486,472,490,516,532,535,538,534,506,462,426,430,457,479,481,477,501,562,597,593,577,566,579,579,580,565,561,564,550,555,558,513,416,244,50,0,0,132,415,698,879,942,936,903,856,788,719,679,644,608,572,551,557,570,552,479,423,441,469,472,457,468,496,487,433,415,440,449,440,432,447,448,429,427,436,444,439,443,488,523,533,526,517,522,535,528,546,607,661,638,587,569,568,588,606,620,597,568,548,532,529,553,576,571,552,537,526,511,486,476,481,483,463,445,437,436,467,504,515,531,543,525,524,518,467,423,442,488,519,540,549,521,492,476,476,470,457,471,502,506,497,524,576,605,607,590,581,572,556,543,552,561,531,512,502,447,323,152,8,0,43,286,645,915,999,953,888,836,780,730,684,648,623,587,553,531,536,527,482,451,448,465,480,480,469,456,449,459,471,468,477,494,457,409,381,381,429,488,497,483,474,485,507,521,534,539,517,504,537,566,575,596,604,606,609,583,566,584,601,598,585,595,604,558,502,480,478,496,529,563,552,532,549,542,488,462,460,481,486,467,449,470,509,532,540,531,530,522,505,505,493,470,472,483,461,460,505,527,513,489,486,482,469,491,540,568,575,562,566,566,546,526,529,525,522,545,542,524,487,395,254,96,0,34,221,499,777,922,935,907,871,825,771,699,639,614,593,569,554,534,516,485,449,433,449,483,500,501,471,460,473,483,467,463,466,478,470,439,426,426,423,445,487,508,488,476,486,506,521,532,552,555,550,569,610,635,629,614,609,608,593,561,540,535,554,550,529,533,536,521,532,550,536,511,495,505,505,491,487,495,491,463,454,500,553,556,504,463,474,486,466,468,505,551,548,511,473,455,467,501,510,518,504,478,482,502,499,493,533,589,601,587,595,608,600,564,540,529,520,510,483,415,312,142,0,0,99,381,675,864,938,924,864,815,798,767,709,663,635,577,534,513,521,543,532,513,515,488,426,368,358,408,461,502,513,483,457,455,476,488,492,462,419,404,422,448,470,507,520,506,496,485,497,545,599,620,624,613,596,585,572,549,537,536,555,608,653,644,588,536,511,504,480,483,518,528,496,472,491,517,520,511,516,533,527,504,459,427,428,430,462,512,542,550,570,580,552,539,507,454,440,451,443,421,420,454,508,546,551,558,580,591,586,567,558,542,541,560,561,556,559,537,508,515,488,356,143,0,0,78,359,659,852,920,895,843,812,789,764,729,687,650,617,581,547,527,534,556,518,461,432,433,448,446,432,431,446,462,454,444,447,448,451,446,434,438,441,446,473,502,523,517,499,483,496,523,535,531,562,579,570,573,591,608,615,629,636,605,567,565,565,557,544,540,539,527,507,499,499,480,488,498,492,483,479,499,527,522,498,488,468,449,457,482,513,530,533,534,543,543,521,491,479,472,475,475,469,472,485,491,490,484,483,500,531,584,638,626,595,569,548,539,527,524,537,553,554,551,506,361,169,0,0,36,254,566,812,931,967,939,869,792,737,688,654,632,612,590,569,555,515,478,479,477,460,452,444,439,459,496,493,451,428,445,447,439,445,456,448,453,467,477,461,437,437,473,524,544,513,506,516,516,530,569,612,650,639,598,579,566,572,622,628,557,518,534,553,567,575,545,504,487,518,536,518,509,487,463,465,489,501,482,480,490,503,497,483,486,505,532,535,519,492,481,510,526,497,480,507,518,509,495,484,487,473,469,476,493,523,545,553,561,572,585,599,591,563,535,534,553,558,556,547,466,330,144,0,0,44,332,666,895,983,963,891,823,767,718,651,578,549,571,577,537,508,526,534,506,471,445,440,445,446,467,500,497,480,467,451,432,440,469,461,426,403,429,483,513,507,488,489,492,498,510,513,528,550,575,594,582,560,583,624,632,636,641,611,557,521,519,539,577,581,547,508,492,508,527,522,512,488,465,467,472,462,454,477,513,531,530,505,491,494,501,498,488,499,521,527,515,494,474,465,476,501,502,479,454,450,481,527,560,561,547,548,556,568,591,574,550,525,507,528,545,551,563,537,428,240,41,0,42,246,549,808,949,975,933,855,784,724,692,664,620,579,553,524,504,491,449,404,424,497,542,532,490,447,440,459,469,446,428,448,460,467,466,462,440,439,468,493,487,479,505,518,485,480,513,561,591,575,546,561,609,647,627,589,589,619,626,576,504,487,521,561,569,563,545,508,509,519,513,531,536,511,458,435,449,481,514,515,498,496,505,504,478,463,494,518,532,517,500,504,501,486,470,455,487,520,509,486,468,457,483,528,568,583,576,575,578,577,563,555,536,528,528,516,492,458,377,240,60,0,63,304,582,795,908,944,909,833,786,761,724,686,634,588,563,543,526,518,519,513,483,475,484,469,440,429,444,480,497,476,441,413,421,440,462,487,469,425,409,432,463,469,485,511,533,548,557,539,525,542,576,603,621,631,635,628,612,585,548,533,531,545,588,615,582,538,502,507,530,525,522,505,477,470,460,473,504,515,503,478,474,487,480,479,496,513,515,508,501,485,486,498,493,475,448,452,483,506,472,439,463,536,608,615,585,596,629,618,553,494,498,526,539,550,555,528,473,376,227,55,0,23,213,494,742,881,928,944,915,866,806,728,668,636,609,564,518,509,523,545,544,508,476,473,475,450,420,408,414,458,487,494,480,462,444,444,472,472,437,408,419,455,478,480,491,495,524,556,559,562,582,612,627,595,574,571,567,578,604,609,598,576,543,536,558,574,572,543,527,510,482,475,467,483,504,502,479,451,448,460,478,478,478,508,532,525,521,525,518,501,471,472,493,495,496,533,544,492,434,417,444,472,496,533,554,545,543,568,608,606,582,571,561,541,526,529,532,513,506,440,280,89,0,3,170,447,695,855,917,905,879,846,821,772,700,648,606,565,548,548,520,505,499,484,472,472,476,486,494,502,493,463,421,381,395,448,498,510,472,422,413,445,464,449,436,462,497,518,531,514,513,549,617,659,645,609,586,572,563,562,564,571,574,573,566,524,476,489,526,535,523,553,587,575,543,508,474,479,481,490,501,504,490,483,477,465,472,482,500,528,553,528,480,499,557,556,496,436,420,435,436,414,421,506,617,653,614,565,525,526,530,532,554,567,572,603,571,517,503,497,425,257,54,0,0,151,441,725,927,1019,1000,902,807,739,674,621,632,626,547,504,509,502,485,474,481,509,530,556,553,503,444,410,387,360,355,399,470,506,498,481,485,477,451,433,438,448,441,453,500,536,543,530,547,561,579,589,612,652,678,664,624,608,609,594,560,540,521,519,538,557,567,554,516,476,429,404,440,498,529,519,511,504,500,503,524,526,500,519,539,523,499,486,477,492,493,488,479,465,467,480,480,478,480,478,481,501,541,569,553,532,554,588,590,579,560,526,535,561,569,548,504,446,354,189,0,0,65,336,650,881,978,968,887,791,713,678,649,617,599,603,585,543,509,494,491,489,484,495,499,492,467,453,460,454,458,465,449,420,414,444,458,446,426,435,486,540,531,524,496,467,480,498,508,517,537,541,559,615,638,631,631,617,606,591,590,611,612,551,487,502,548,573,560,539,495,455,459,494,508,494,480,478,478,492,521,530,500,471,458,465,475,492,497,506,518,511,519,535,536,519,505,485,447,436,481,529,557,567,583,582,540,514,531,557,546,535,555,576,564,543,533,456,309,153,33,0,58,301,614,853,953,952,899,841,780,704,639,600,595,639,658,615,573,525,470,419,393,433,520,567,531,467,440,444,460,460,428,390,388,409,434,463,499,528,540,506,470,451,457,459,467,499,534,563,577,571,572,577,603,628,606,583,563,567,583,601,601,574,542,527,522,521,519,514,504,493,488,504,526,520,510,500,496,489,479,478,496,509,492,470,473,498,519,541,540,527,506,468,448,448,460,455,445,454,483,533,566,572,569,581,595,588,550,537,542,540,553,567,563,543,520,463,316,128,0,0,83,308,573,768,876,906,882,851,835,810,763,708,655,608,560,542,524,483,491,528,533,493,464,435,411,435,454,460,482,494,502,499,468,440,439,443,418,396,399,439,468,470,480,500,533,539,546,554,524,516,568,618,626,612,613,622,617,596,578,569,557,532,522,552,564,532,502,498,489,508,558,556,499,483,496,492,480,465,459,470,483,509,519,503,482,489,512,508,505,508,514,505,472,473,506,504,483,458,449,453,480,512,555,595,584,554,551,570,597,590,564,585,587,551,521,538,537,438,230,0,0,28,267,577,817,919,924,888,854,804,725,677,639,610,615,626,595,510,444,432,453,465,467,476,493,503,492,473,460,443,432,432,406,406,454,467,467,464,473,509,511,467,449,492,536,553,535,492,476,498,544,608,639,639,626,604,596,592,572,537,525,551,588,584,543,513,509,516,522,534,527,502,492,502,519,498,492,506,499,487,489,492,487,488,498,508,496,469,447,470,526,537,518,500,504,504,473,463,474,463,432,462,527,581,608,622,623,591,538,490,447,449,527,618,640,599,567,551,486,334,124,0,0,43,302,637,897,1022,1018,950,847,740,666,620,598,582,566,555,556,541,505,483,478,482,470,455,471,492,481,459,443,440,440,440,461,459,445,446,461,463,452,445,457,461,483,513,516,515,514,524,541,552,551,570,603,604,594,582,575,588,617,632,619,586,568,564,552,505,468,501,575,618,585,509,449,425,432,441,463,507,565,601,567,489,448,444,423,403,446,528,568,564,544,518,485,452,433,414,451,513,533,525,510,523,539,540,530,507,494,526,594,637,636,598,550,536,531,533,521,440,281,92,0,3,166,447,728,904,962,934,886,814,723,652,633,615,583,551,527,525,505,475,495,526,512,486,471,472,487,500,516,498,443,412,441,486,481,443,410,389,390,415,424,445,488,529,563,577,568,536,498,483,527,579,592,590,611,630,617,603,592,608,622,593,537,502,495,513,558,568,535,520,539,547,509,476,466,452,470,508,506,483,492,510,508,511,514,487,466,476,527,565,548,497,463,455,448,461,474,471,472,475,506,563,583,572,585,601,572,532,540,567,571,581,575,538,504,454,351,209,63,0,28,233,507,711,837,911,940,907,818,736,700,684,657,617,566,539,537,526,515,536,568,537,487,446,398,413,454,462,461,469,465,444,418,401,433,492,511,486,444,408,410,441,485,526,531,518,536,585,613,596,549,515,538,606,629,600,592,596,582,569,540,539,565,575,578,550,510,502,510,515,493,478,480,505,524,545,567,517,437,422,455,500,532,536,504,497,500,474,457,467,497,519,524,513,498,487,478,468,481,504,521,529,552,583,615,615,577,522,497,489,505,551,579,575,523,419,271,109,0,15,153,387,651,846,921,926,899,840,778,738,701,646,604,611,611,582,562,535,492,457,457,467,472,461,433,415,432,441,460,480,484,490,469,419,401,430,456,467,474,472,469,469,477,490,519,543,566,568,550,548,574,602,603,586,565,563,579,592,588,579,573,582,588,559,523,514,516,531,552,531,474,455,462,489,512,513,528,533,489,450,453,491,523,542,537,520,498,488,497,485,469,455,462,474,473,459,456,476,510,529,545,551,563,562,566,581,568,543,537,557,577,587,581,573,554,461,284,82,0,0,98,372,675,877,969,989,953,877,778,697,636,610,601,583,560,535,527,514,465,439,470,480,467,453,446,471,518,515,473,433,425,446,448,421,413,448,452,419,417,438,450,482,534,542,512,499,501,503,512,569,615,615,612,629,648,644,627,598,590,614,595,543,501,511,547,561,529,498,524,552,518,467,442,470,507,514,503,494,507,528,517,494,495,493,455,443,446,469,520,552,534,484,474,485,476,466,487,519,507,472,470,503,531,540,568,612,639,636,616,583,551,535,518,481,449,411,328,196,46,0,43,295,619,865,972,971,918,846,776,732,714,647,554,517,545,574,561,535,516,511,524,494,435,384,391,435,487,511,512,528,527,498,428,329,284,316,400,469,510,528,560,602,611,586,528,482,413,397,459,518,570,642,678,669,648,648,652,608,564,526,507,516,543,570,591,562,509,515,531,509,459,447,464,486,501,504,472,446,453,483,483,481,510,553,573,546,492,451,455,486,492,460,441,468,500,542,547,512,488,496,521,547,561,562,568,594,632,643,598,543,516,497,496,509,517,462,340,171,0,0,128,389,655,858,938,927,888,809,754,766,728,633,547,494,464,447,454,512,551,547,540,509,451,389,368,409,477,526,512,491,508,517,499,437,378,372,408,460,514,526,510,483,482,505,510,531,559,566,568,571,590,596,599,620,633,606,564,542,520,506,529,585,617,611,576,521,478,473,488,501,490,483,494,510,515,483,434,431,468,518,564,586,607,604,568,512,433,387,404,448,456,462,476,511,563,577,543,499,476,487,506,488,508,560,596,604,622,619,590,565,547,542,530,520,475,372,217,28,0,12,223,526,762,900,937,896,824,782,760,736,700,638,582,544,515,496,520,546,557,552,505,453,437,427,406,399,448,498,494,471,459,444,427,431,427,401,423,458,475,473,466,478,510,524,543,575,565,522,523,560,600,625,625,630,636,593,534,540,595,621,593,568,576,583,581,554,481,422,398,427,489,531,526,496,498,539,574,561,532,516,495,454,434,462,490,479,467,486,513,546,557,544,512,471,437,418,437,466,499,499,496,527,563,589,617,625,596,568,561,536,509,511,531,565,571,526,434,295,104,0,0,87,352,655,867,935,958,942,844,748,691,666,645,614,591,582,548,500,476,478,489,531,560,523,447,401,411,427,445,473,487,484,472,470,463,429,398,407,440,462,483,506,512,509,508,515,545,563,564,552,567,608,623,627,641,617,569,548,577,616,621,573,532,531,566,575,505,467,494,503,494,487,503,530,520,491,460,455,485,508,489,459,473,511,528,518,497,467,454,475,517,552,536,499,470,484,486,473,463,438,420,439,483,527,567,610,642,616,555,510,492,511,536,538,519,509,530,538,534,466,284,36,0,0,179,500,783,935,951,905,850,800,759,734,703,670,625,554,511,499,497,506,510,526,536,512,479,438,417,435,466,457,435,440,460,479,492,492,481,466,468,481,483,466,451,437,432,454,503,551,582,573,551,564,591,590,585,599,585,571,586,588,598,593,583,572,549,542,536,524,524,519,516,523,531,544,527,472,441,444,460,478,484,518,519,498,483,475,475,479,495,511,520,543,561,551,533,505,474,446,441,467,497,514,516,491,461,462,505,569,611,627,628,598,558,525,521,542,542,520,495,444,318,154,14,0,138,404,663,857,962,943,857,783,754,715,669,642,629,609,554,508,510,509,513,528,504,451,406,418,472,508,489,448,428,434,448,439,436,466,498,505,475,440,424,419,421,451,494,530,553,568,573,566,551,524,492,490,543,639,710,730,706,632,552,524,520,523,544,569,565,556,561,548,492,453,467,497,525,534,515,497,471,441,432,426,439,487,540,541,522,540,528,508,485,486,508,535,529,494,449,440,447,447,459,487,517,555,587,615,616,571,534,540,561,575,582,558,514,515,520,464,335,176,16,0,52,317,627,836,921,931,914,862,780,722,692,662,625,595,575,568,539,489,475,488,486,459,467,489,500,476,452,453,457,455,463,462,434,412,403,421,468,495,474,455,463,478,497,527,525,511,516,539,561,584,608,600,579,563,572,579,575,575,583,600,624,628,585,536,505,482,492,519,560,549,507,486,464,458,493,527,505,458,453,487,520,521,501,483,475,457,456,492,530,527,491,489,514,508,494,489,483,474,470,482,508,501,476,511,587,637,633,607,596,588,580,546,515,511,526,528,495,403,255,72,0,2,167,434,695,879,950,950,914,836,779,748,700,636,612,609,593,560,533,513,486,473,476,490,487,476,447,420,393,390,444,488,476,458,454,452,452,450,430,426,463,496,485,464,482,532,558,543,524,519,536,559,590,609,610,601,575,563,570,577,578,589,604,608,574,521,484,465,460,486,517,534,540,539,526,521,534,524,482,425,397,440,483,497,543,586,593,567,522,482,446,425,426,435,498,577,628,605,513,431,399,406,422,457,486,506,551,627,652,628,589,548,505,472,479,519,549,548,504,406,262,100,0,30,224,517,768,922,956,925,871,804,749,713,711,697,633,557,538,550,515,456,401,408,449,494,530,530,486,443,451,459,433,397,377,390,423,466,498,508,512,486,436,398,431,511,542,543,543,556,578,560,530,547,605,624,585,590,614,593,563,587,604,609,594,548,507,498,500,511,523,540,514,470,456,469,495,530,555,541,512,498,496,490,470,456,441,432,488,548,577,563,517,500,496,468,430,413,432,487,523,526,529,527,539,574,580,564,544,537,574,604,588,554,529,516,503,506,493,419,264,70,0,4,196,508,778,915,966,964,912,836,760,695,628,564,524,524,553,586,581,533,485,467,444,397,373,398,448,467,480,501,526,537,499,429,393,402,399,411,453,511,540,534,503,465,463,483,515,538,561,556,528,536,572,601,625,633,617,598,588,590,599,589,547,538,564,568,542,504,499,504,508,511,517,507,488,494,494,465,459,490,505,479,455,480,526,551,534,500,516,541,529,508,496,505,515,476,396,379,434,495,550,593,601,567,536,520,524,541,560,569,578,569,529,492,519,555,516,392,208,33,0,40,271,577,827,952,950,897,847,797,728,666,628,597,578,556,547,567,550,510,460,422,441,476,476,476,482,483,469,452,444,434,413,423,457,472,476,481,468,469,463,437,445,453,467,517,574,593,599,597,583,567,557,566,600,620,620,599,575,578,587,591,591,587,575,542,505,481,458,470,492,510,502,508,535,542,515,505,504,486,467,465,456,458,502,527,521,490,472,467,477,504,521,501,463,462,504,533,500,463,496,549,568,577,583,564,562,557,550,560,554,534,511,504,517,489,386,221,27,0,25,251,584,839,944,954,911,828,750,711,676,644,622,617,627,617,579,534,481,421,379,400,462,513,521,528,558,536,471,424,403,385,401,439,466,477,472,457,438,439,452,473,486,480,489,522,539,558,593,620,608,588,594,597,564,531,547,595,611,596,586,589,583,547,528,544,546,531,512,496,492,468,437,443,493,518,507,506,493,497,513,506,504,540,535,505,467,462,487,508,505,489,492,518,547,540,495,432,414,417,449,492,515,540,580,611,663,671,646,590,530,501,503,511,511,504,476,399,231,18,0,22,232,546,808,931,952,917,840,753,709,700,699,694,675,631,561,523,517,510,464,434,412,396,434,507,565,568,505,415,380,398,419,412,416,450,483,501,495,504,503,471,451,453,454,468,515,553,559,575,564,524,520,535,574,639,687,679,617,557,515,501,505,489,470,462,493,533,551,564,600,596,567,551,540,508,493,511,518,531,549,541,502,467,404,271,103,0,0,71,334,624,822,925,953,934,872,824,762,699,678,639,581,541,526,529,508,478,466,504,532,488,439,423,430,432,446,457,445,441,435,438,441,423,401,391,399,435,476,508,522,522,545,564,568,563,573,599,622,612,601,592,595,619,609,560,526,527,566,599,591,546,500,485,495,481,449,437,471,511,527,536,522,503,510,529,518,487,468,461,487,525,526,467,433,483,543,577,567,535,501,470,477,505,513,503,508,525,523,496,496,521,526,515,506,492,496,532,558,575,553,511,511,527,540,535,516,506,519,520,481,470,516,531,523,530,515,494,495,493,489,483,483,505,540,560,571,581,582,561,546,541,553,570,565,515,453,373,255,100,0,20,200,500,783,934,969,951,880,795,749,718,683,639,591,566,557,549,520,489,471,454,454,459,474,484,460,439,458,495,482,435,420,440,457,448,455,473,480,475,456,450,469,480,456,449,494,533,545,534,531,552,576,575,564,553,558,553,569,598,611,603,602,622,637,614,579,571,555,537,554,556,537,489,444,446,474,503,514,488,463,462,460,472,485,499,496,492,519,527,509,476,447,452,488,524,527,501,469,474,507,521,536,563,579,581,601,608,560,502,479,511,550,543,524,527,518,460,335,151,0,0,143,422,695,852,898,903,894,870,806,729,678,625,591,560,503,489,519,520,508,522,516,496,473,447,435,459,476,477,478,458,431,423,439,462,462,446,448,470,480,461,459,480,498,513,527,524,496,500,542,579,622,643,630,594,563,584,626,646,611,555,521,511,504,496,507,545,558,526,511,533,553,541,511,484,462,450,455,483,522,536,526,497,471,463,454,441,457,491,531,562,540,504,496,504,504,503,489,460,419,403,421,459,519,599,662,687,676,626,575,551,553,543,508,483,491,484,417,265,77,0,28,229,509,743,860,917,936,889,807,741,701,684,675,626,561,527,507,501,507,504,489,467,454,455,473,502,535,548,528,465,412,398,386,378,406,436,476,499,493,478,435,419,436,475,553,617,599,545,534,548,545,541,541,587,635,657,631,588,558,545,522,510,525,548,563,549,536,556,556,522,488,468,476,489,481,478,466,463,488,521,539,534,524,526,519,497,476,449,435,455,491,507,515,513,508,511,518,500,468,444,463,505,531,549,578,606,610,598,604,610,582,543,509,493,491,513,489,368,219,54,0,36,255,548,782,920,951,924,878,834,791,743,691,637,591,558,545,526,484,465,490,511,491,462,446,423,421,435,440,467,499,500,455,409,406,432,463,474,464,444,451,447,455,483,505,513,516,529,544,563,598,591,578,583,595,624,644,639,615,583,553,559,585,588,563,531,496,467,480,502,516,508,491,475,473,495,526,543,537,513,471,451,468,478,466,465,497,528,543,545,525,496,462,441,443,466,498,496,477,491,509,496,498,534,573,580,568,572,580,570,554,543,536,530,529,543,552,500,364,202,37,0,39,278,586,823,939,956,934,874,780,726,711,685,627,585,573,551,508,468,487,521,516,479,463,453,418,405,412,424,449,478,491,483,470,480,490,498,496,448,389,361,390,437,490,534,555,554,550,540,533,536,551,579,584,564,584,638,678,692,677,633,575,523,499,496,509,519,519,527,524,501,543,580,542,475,436,415,417,451,487,522,545,531,493,465,461,484,513,538,538,520,480,446,422,451,494,518,513,511,515,517,526,531,537,547,566,573,565,553,539,550,558,537,502,497,519
